1588 1580 1781 1448 1431 580 1580 1580 1580 1448 1588 1440 1580 1781 1448 1431 580 1580 1580 1580
1448 1588 1440 1580 1781 1448 1431 580 1580 1580 1580 1448 1588 1440 1580 1781 1448 1431 580 1580
1580 1580 1448 1588 1440 1580 1781 1448 1431 580 1580 1580 1580 1448 1588 1440 1580 1781 1448 1431
580 1580 1580 1580 1448 1588 1440 1580 1781 1448 1431 580 1580 580 1580 1592 1580 1448 1588 1440
1580 1781 1448 1431 580 1580 1580 1580 1448 1588 1440 1580 1781 1448 1431 1580 580 1580 1580 1448
1588 1440 1580 1773 1448 1431 1580 584 1580 1447 1580 1182 1580 804 1580 218 1580 554 816 1580
1580 1448 1588 1440 1580 1781 1448 1431 580 580 1580 1580 1592 1580 1448 1588 1440 1580 1781 1448
1431 580 1580 1580 1580 1448 1588 1440 1580 1781 1448 1431 580 1580 1580 1580 1448 1588 1440 1580
1781 1448 1431 1580 580 1580 1580 1448 1588 1440 1580 1781 1448 1431 580 580 1580 1580 1592 1580
1448 1588 1440 1580 1781 1448 1431 580 1580 1580 1580 1448 1588 1440 1580 1781 1448 1431 580 580
1580 1580 1592 1580 1448 1588 1440 1580 1781 1448 1431 580 1580 1580 1580 1448 1588 1440 1580 1781
1448 1431 580 1580 1580 1580 1448 1588 1440 1580 1781 1448 1431 580 1580 1580 1580 1448 1588 1440
1580 1855 1448 1431 1580 1043 1580 1588 1440 1580 1781 1448 1447 1415 1415 1431 801 801 1580 1580
1592 1580 1448 1580 1592 1580 1448 1588 1440 1580 1852 1448 1431 1580 1043 1580 1447 1418 1580 1580
1448 1588 1440 1580 1852 1448 1431 1580 1043 1580 1447 1418 1580 1580 1448 1588 1440 1580 1852 1448
1431 1580 1043 1580 1447 1418 1580 1580 1448 1588 1440 1580 1852 1448 1431 1580 1043 1580 1447 1418
1580 1580 1448 1588 1440 1580 1781 1448 1431 801 1580 1580 1580 1448 1588 1440 1580 1781 1448 1431
801 1580 1580 1580 1448 1588 1440 1580 1781 1448 1431 801 1580 1580 1580 1448 1588 1440 1580 1781
1448 1431 801 1580 1580 1580 1448 1588 1440 1580 1781 1448 1431 801 1580 1580 1580 1448 1588 1440
1580 1781 1448 1431 801 1580 1580 1580 1448 1588 1440 1580 1781 1448 1431 801 1580 1580 1580 1448
1588 1440 1580 1781 1448 1431 801 1580 1580 1580 1448 1588 1440 1580 1781 1448 1431 801 801 1580
1580 1592 1580 1448 1588 1440 1580 1773 1448 1431 1580 584 1580 1447 1580 1021 1580 85 1580 1580
1448 1588 1440 1580 1781 1448 1431 801 1580 1580 1580 1448 1588 1440 1580 1851 1448 1431 990 1580
1580 1448 1588 1440 1580 1785 1448 1431 1022 1022 1580 1580 1448 1592 1588 1440 1580 1785 1448 1431
1022 1580 1580 1448 1588 1440 1580 1773 1448 1431 1580 584 0 1105 1580 1580 1580 1448 1588 1440
1580 1785 1448 1431 1022 1580 1580 1448 1588 1440 1580 1785 1448 1431 1022 1580 1580 1448 1588 1440
1580 1785 1448 1431 1022 1580 1580 1448 1588 1440 1580 1785 1448 1431 1022 1580 1580 1448 1588 1440
1580 1785 1448 1431 1022 1580 1580 1448 1588 1440 1580 1773 1448 1431 1580 400 1580 0 1358 1171
1580 1580 1580 1448 1588 1440 1580 1785 1448 1431 995 1580 1580 1448 1588 1440 1580 1773 1448 1431
1580 584 1580 1447 1580 1022 1580 274 1050 1580 1580 1448 1588 1440 1580 1781 1448 1431 593 1580
1580 1580 1448 1588 1440 1580 1900 1448 1431 1580 920 1580 1448 1447 1580 1580 1448 1588 1440 1580
2118 1448 1431 1580 1043 1580 1447 1426 1580 1580 1448 1588 1440 1580 2119 1448 1431 1580 1043 1580
1447 1426 1580 1426 1580 1448 1592 1588 1440 1580 1899 1448 1431 1580 921 1580 1447 1448 1580 1580
1448 1588 1440 1580 2118 1448 1431 1580 1043 1580 1447 1426 1580 1580 1448 1588 1440 1580 1900 1448
1431 1580 920 1580 1447 1448 1580 1580 1448 1588 1440 1580 2118 1448 1431 1580 1043 1580 1447 1426
1580 1580 1448 1588 1440 1580 1781 1448 1431 593 1580 1580 1580 1448 1588 1440 1580 1779 1448 1431
1580 432 422 1580 1580 1580 1448 1588 1440 1580 1781 1448 1431 593 593 1580 1580 1592 1580 1448
1588 1440 1580 1781 1448 1431 1580 593 1580 1580 1448 1588 1440 1580 1785 1448 1431 995 1580 1588
1440 1580 1580 1448 1781 1448 1431 593 1580 1580 1580 1448 1588 1440 1580 1781 1448 1431 593 1580
1580 1580 1448 1588 1440 1580 1781 1448 1431 593 1580 1580 1580 1448 1588 1440 1580 1781 1448 1431
593 1580 1580 1580 1448 1588 1440 1580 1781 1448 1431 593 1580 1580 1580 1448 1588 1440 1580 1785
1448 1431 995 1580 1580 1448 1588 1440 1580 1781 1448 1431 593 1580 1580 1580 1448 1588 1440 1580
1781 1448 1431 593 1580 1580 1580 1448 1588 1440 1580 1785 1448 1431 995 1580 1580 1448 1588 1440
1580 1781 1448 1431 593 1580 1580 1580 1448 1588 1440 1580 1852 1448 1431 1580 1043 1580 1588 1440
1580 1781 1448 1447 1418 1580 1580 1448 1431 593 1580 1580 1580 1448 1588 1440 1580 1899 1448 1431
1580 921 1580 1447 1448 1580 1580 1448 1588 1440 1580 2122 1448 1431 1580 1043 1580 1447 1426 1580
1580 1448 1588 1440 1580 1781 1448 1431 593 1580 1580 1580 1448 1588 1440 1580 1781 1448 1431 593
1580 1580 1580 1448 1588 1588 1440 1440 1580 1580 1781 1448 1785 1448 1431 1580 593 1580 1580 1448
1431 995 1580 1580 1448 1588 1440 1580 1781 1448 1431 593 1580 1580 1580 1448 1588 1440 1580 1781
1448 1431 593 1580 1580 1580 1448 1588 1440 1580 1781 1448 1431 593 1580 1580 1580 1448 1588 1440
1580 1773 1448 1431 1580 584 0 1361 1580 0 792 1580 1580 1580 1580 1448 1588 1440 1580 1781
1448 1431 593 1580 1580 1580 1448 1588 1440 1580 1785 1448 1431 995 1580 1580 1448 1588 1440 1580
1781 1448 1431 593 1580 1580 1580 1448 1588 1440 1580 1781 1448 1431 593 593 1580 1580 1592 1580
1448 1588 1440 1580 1781 1448 1431 593 1580 1580 1580 1448 1588 1440 1580 1781 1448 1431 593 593
1580 1580 1592 1580 1448 1588 1440 1580 1785 1448 1431 995 1580 1580 1448 1588 1440 1580 1781 1448
1431 593 1580 1580 1580 1448 1588 1440 1580 1781 1448 1431 593 1580 1580 1580 1448 1588 1440 1580
1781 1448 1431 593 1580 1580 1580 1448 1588 1440 1580 1781 1448 1431 593 1580 1580 1448 1588 1440
1580 1785 1448 1431 995 1580 1580 1448 1588 1440 1580 1781 1448 1431 593 1580 1580 1580 1448 1588
1440 1580 1781 1448 1431 593 1580 1580 1580 1448 1588 1440 1580 1781 1448 1431 593 1580 1580 1580
1448 1588 1440 1580 1781 1448 1431 580 1580 1580 1580 1448 1588 1440 1580 1785 1448 1431 995 1580
1580 1448 1588 1440 1580 1781 1448 1431 580 1580 1580 1580 1448 1588 1440 1580 1781 1448 1431 580
1580 1580 1580 1448 1588 1440 1580 1781 1448 1431 580 1580 1580 1580 1448 1588 1440 1580 1781 1448
1431 580 1580 1580 1580 1448 1588 1440 1580 1785 1448 1431 995 1580 1580 1448 1588 1440 1580 1781
1448 1431 580 1580 1580 1580 1448 1588 1440 1580 1781 1448 1431 580 1580 1580 1580 1448 1588 1440
1580 1781 1448 1431 580 1580 1580 1580 1448 1588 1440 1580 1773 1448 1431 1580 271 0 1580 339
1580 636 1580 1580 1448 1588 1440 1580 1781 1448 1431 580 1580 580 1580 1592 1580 1448 1588 1440
1580 1785 1448 1431 995 1580 1580 1448 1588 1440 1580 1781 1448 1431 580 1580 1580 1580 1448 1588
1440 1580 1781 1448 1431 580 580 1580 1580 1592 1580 1448 1588 1440 1580 1781 1448 1431 580 1580
1580 1580 1448 1588 1440 1580 1781 1448 1431 580 1580 1580 1580 1448 1588 1440 1580 1785 1448 1431
995 1580 1580 1448 1588 1440 1580 1781 1448 1431 580 1580 1580 1580 1448 1588 1440 1580 1781 1448
1431 580 1580 1580 1580 1448 1588 1440 1580 1781 1448 1431 580 1580 1580 1580 1448 1588 1440 1580
1781 1448 1431 580 1580 1580 1580 1448 1588 1440 1580 1785 1448 1431 995 1580 1580 1448 1588 1440
1580 1781 1448 1431 580 1580 1580 1580 1448 1588 1440 1580 1781 1448 1431 580 1580 1580 1580 1448
1588 1440 1580 1781 1448 1431 580 1580 1580 1580 1448 1588 1440 1580 1781 1448 1431 580 1580 1580
1580 1448 1588 1440 1580 1785 1448 1431 982 1580 1580 1448 1588 1440 1580 1781 1448 1431 580 1580
1580 1580 1448 1588 1440 1580 1781 1448 1431 580 1580 1580 1580 1448 1588 1440 1580 1781 1448 1431
580 1580 1580 1580 1448 1588 1440 1580 1781 1448 1431 580 1580 1580 1580 1448 1588 1440 1580 1781
1448 1431 580 1580 1580 1580 1448 1588 1440 1580 1781 1448 1431 580 1580 1580 1580 1448 1588 1440
1580 1781 1448 1431 580 1580 1580 1580 1448 1588 1440 1580 1773 1448 1431 1580 584 1580 1264 0
1580 510 336 336 1580 1580 1592 1580 1448 1588 1440 1580 1781 1448 1431 580 1580 1580 1580 1448
1588 1440 1580 1781 1448 1431 580 1580 1580 1580 1448 1588 1440 1580 1781 1448 1431 580 1580 1580
1580 1448 1588 1440 1580 1781 1448 1431 580 580 1580 1580 1592 1580 1448 1588 1440 1580 1781 1448
1431 580 1580 1580 1580 1448 1588 1440 1580 1781 1448 1431 580 1580 1580 1580 1448 1588 1440 1580
1781 1448 1431 580 1580 1580 1580 1448 1588 1440 1580 1781 1448 1431 580 1580 1580 1580 1448 1588
1440 1580 1781 1448 1431 580 1580 1580 1580 1448 1588 1440 1580 1781 1448 1431 580 1580 1580 1580
1448 1588 1440 1580 1781 1448 1431 580 1580 1580 1580 1448 1588 1440 1580 1781 1448 1431 580 1580
1580 1580 1448 1588 1440 1580 1781 1448 1431 580 1580 1580 1580 1448 1588 1440 1580 1781 1448 1431
580 1580 1580 1580 1448 1588 1440 1580 1781 1448 1431 580 580 1580 1580 1592 1580 1448 1588 1440
1580 1781 1448 1431 580 580 1580 1580 1592 1580 1448 1588 1440 1580 1781 1448 1431 580 1580 1580
1580 1448 1588 1440 1580 1781 1448 1431 580 1580 1580 1580 1448 1588 1440 1580 1781 1448 1431 580
1580 1580 1580 1448 1588 1440 1580 1781 1448 1431 580 1580 1580 1580 1448 1588 1440 1580 1773 1448
1431 1580 584 1580 1264 0 1580 865 0 1429 1429 1580 1580 1580 1580 1592 1448 1588 1440 1580
1781 1448 1431 580 1580 1580 1580 1448 1588 1440 1580 1781 1448 1431 580 1580 1580 1580 1448 1588
1440 1580 1781 1448 1431 580 580 1580 1580 1592 1580 1448 1588 1440 1580 1781 1448 1431 580 1580
1580 1580 1448 1588 1440 1580 1781 1448 1431 580 1580 1580 1580 1448 1588 1440 1580 1781 1448 1431
580 1580 1580 1580 1448 1588 1440 1580 1781 1448 1431 580 1580 1580 1580 1448 1588 1440 1580 1781
1448 1431 580 580 1580 1580 1592 1580 1448 1588 1440 1580 1781 1448 1431 580 1580 1580 1580 1448
1588 1440 1580 1781 1448 1431 580 1580 1580 1580 1448 1588 1440 1580 1781 1448 1431 580 1580 1580
1580 1448 1588 1440 1580 1781 1448 1431 580 1580 1580 1580 1448 1588 1440 1580 1781 1448 1431 580
1580 1580 1580 1448 1588 1440 1580 1781 1448 1431 580 1580 1580 1580 1448 1588 1440 1580 1781 1448
1431 580 1580 1580 1580 1448 1588 1440 1580 1781 1448 1431 580 1580 1580 1580 1448 1588 1440 1580
1781 1448 1431 580 1580 1580 1580 1448 1588 1440 1580 1781 1448 1431 580 1580 1580 1580 1448 1588
1440 1580 1781 1448 1431 580 580 1580 1580 1592 1580 1448 1588 1440 1580 1781 1448 1431 580 1580
1580 1580 1448 1588 1440 1580 1773 1448 1431 1580 584 1580 1264 0 1580 634 212 212 1580 1580
1592 1580 1448 1588 1440 1580 1781 1448 1431 1580 580 1580 1580 1448 1588 1440 1580 1781 1448 1431
580 1580 1580 1580 1448 1588 1440 1580 1781 1448 1431 580 580 1580 1580 1592 1580 1448 1588 1440
