1654 1380 992 0 0 0 1488 0 0 1488 0 0 0 1488 1488 0 0 1488 0 0 1488 0 0 1488 0 0 1488 0 0 1488
1508 1360 1500 1637 1368 1167 1500 1500 1369 1500 1508 1360 1500 1368 0 1500 1500 1500 1500 1500 1500 1368 1500 1500 1500 1511 1360 1500 1368
1488 0 0 0 0 0 0 1488 1488 1488 0 0 1488 0 0 1488 0 0 1488 0 1488 0 0 1488 0 0 0 0 1488 0 0 1488
1500 1500 1500 1500 1368 1371 1508 1369 1488 1380 1488 1654 1380 992 0 0 0 1488 1488 0 0 0 1488 1488 0 0 0 0 1488
1508 1360 1500 1637 1369 1167 1500 1500 1368 1500 1509 1360 1500 1368 0 1500 1500 1500 1500 1368 1500 1500 1500 1511 1360 1500 1368 0
1500 1500 1500 1500 1371 1370 1508 1360 1500 1368 0 1500 1500 1500 1500 1500 1500 1369 1500 1500 1500 1509 1360 1500 1368 0 1500 1500 1500 1500
1508 1360 1500 1637 1369 1167 1500 1500 1369 1500 1512 1360 1500 1368 0 1500 1500 1500 1500 1371 1500 1500 1500 1510 1360 1500 1368 0
0 0 1488 0 0 1488 0 0 1488 0 0 1488 0 0 1488 0 0 1488 0 0 1488 0 0 1488 0 0 1488 0 0 1488
1508 1360 1500 1637 1368 1167 1500 1500 1369 1500 1509 1360 1500 1368 0 1500 1500 1500 1500 1368 1500 1500 1500 1509 1360 1500 1368 0
1500 1500 1500 1500 1369 1370 1510 1371 1488 1654 1380 992 0 0 0 1488 1488 1488 1488 1369 1500 1488 1488 1500 1488 1369
1508 1360 1500 1637 1370 1167 1500 1500 1368 1500 1510 1360 1500 1368 0 1500 1500 1500 1500 1371 1500 1500 1500 1508 1360 1500 1368 0
0 0 1488 0 0 1488 0 0 1488 0 0 1488 0 0 1488 0 0 1488 0 0 1488 0 0 1488 0 0 1488 0 0 1488
0 0 1488 0 0 1488 0 0 1488 0 0 1488 0 0 1488 0 0 1488 0 0 0 0 0 0 1488 0 0 1488 0 0 1488
1500 1500 1500 1500 1370 1370 1510 1360 1500 1368 0 1500 1500 1500 1500 1500 1500 1370 1500 1500 1500 1512 1360 1500 1368 0 1500 1500 1500 1500
1488 0 0 1488 0 0 1488 0 0 1488 0 0 0 0 1488 0 0 1488 0 0 1488 0 0 1488 0 0 0 0 1488 0 1488
1508 1360 1500 1637 1370 1167 1500 1500 1370 1500 1509 1360 1500 1368 0 1500 1500 1500 1500 1370 1500 1500 1368 1488 1654 1380 992
1500 1500 1500 1500 1370 1368 1512 1370 1488 1360 1500 1500 1500 1661 1511 1370 1488 1360 1500 1661 1369 1488 1510
1488 0 0 1488 0 0 1488 0 0 1488 0 0 1488 0 0 1488 0 0 1488 0 0 1488 0 0 1488 0 0 1488 0 0
1500 1500 1500 1500 1371 1368 1511 1360 1500 1368 0 1500 1500 1500 1500 1500 1500 1371 1500 1500 1500 1511 1360 1500 1368 0 1500 1500 1500 1500
1508 1360 1500 1637 1369 1167 1500 1500 1369 1500 1508 1360 1500 1368 0 1500 1500 1500 1500 1371 1500 1500 1500 1509 1360 1500 1368 0
1488 0 0 1488 1488 1488 1488 1488 0 0 1488 0 0 1488 0 0 1488 0 0 1488 0 0 1488 0 0 1488 0 0 1488 0 0
1508 1360 1500 1637 1370 1167 1500 1500 1371 1500 1512 1360 1500 1368 0 1500 1500 1500 1500 1371 1500 1500 1500 1509 1360 1500 1368 0
1508 1360 1500 1637 1368 1167 1500 1500 1370 1500 1509 1360 1500 1368 0 1500 1500 1500 1500 1371 1500 1500 1500 1508 1360 1500 1368 0
1488 0 0 1488 0 0 1488 0 0 1488 0 0 1488 0 0 1488 0 0 1488 0 0 1488 0 0 1488 0 0 1488 0 0
0 0 0 1488 0 0 1488 0 0 1488 0 0 1488 0 0 1488 0 0 1488 0 0 1488 0 0 1488 0 0 1488 0 0 1488
1488 1508 1360 1500 1771 1371 1500 1500 1369 1369 1509 1368 1488 1380 0 1488 1488 1488 1488 1327 1488 1370 1500 1380 1508 1360 1500 1763
1500 1500 1500 1500 1370 1370 1508 1360 1500 1661 1500 1500 1369 1510 1368 1488 1654 1380 992 0 0 0 1488 0 1488 1488 0 0 0 0
0 1488 0 0 1488 0 0 1488 0 0 0 0 1488 0 0 1488 0 0 1488 0 0 1488 0 0 1488 0 0 1488 0 0 1488
1500 1500 1500 1500 1368 1371 1512 1360 1500 1368 0 1500 1500 1500 1500 1500 1500 1370 1500 1500 1500 1512 1360 1500 1368 0 1500 1500 1500 1500
1500 1500 1368 1500 1500 1509 1371 1488 1508 1360 1500 1764 1371 1380 0 1488 1488 1488 1488 1371 1167 1369 1500 1500 1500 1500 1368 1488
1500 1500 1500 1500 1369 1369 1510 1360 1500 1368 0 1500 1500 1500 1500 1500 1500 1371 1500 1500 1500 1512 1360 1500 1368 0 1500 1500 1500 1500
0 0 1488 0 0 1488 0 0 0 0 1488 0 0 1488 0 0 1488 0 0 1488 0 0 1488 0 0 1488 0 0 1488 0 0
1488 1508 1360 1500 1765 1369 1500 1500 1369 1370 1509 1360 1500 1368 0 1500 1500 1500 1500 1500 1500 1371 1500 1500 1500 1508 1360 1500 1368
1508 1360 1500 1637 1370 1167 1500 1500 1370 1500 1510 1360 1500 1368 0 1500 1500 1500 1500 1368 1500 1500 1500 1509 1360 1500 1368 0
1500 1500 1500 1500 1369 1369 1508 1360 1500 1368 0 1500 1500 1500 1500 1500 1500 1370 1500 1500 1500 1510 1360 1500 1368 0 1500 1500 1500 1500
1508 1360 1500 1637 1368 1167 1500 1500 1371 1500 1508 1360 1500 1368 0 1500 1500 1500 1500 1371 1500 1500 1500 1512 1360 1500 1368 0
1500 1500 1500 1500 1368 1368 1508 1360 1500 1368 0 1500 1500 1500 1500 1500 1500 1369 1500 1500 1500 1511 1360 1500 1368 0 1500 1500 1500 1500
1500 1500 1500 1500 1370 1327 1500 1488 1380 1488 1654 1380 992 0 0 0 1488 1488 1488 1488 0 0 0 0 0 0 0 0 0 0 1488
1488 1508 1360 1500 1771 1370 1500 1500 1368 1370 1512 1360 1500 1368 0 1500 1500 1500 1500 1500 1500 1369 1500 1500 1500 1509 1360 1500 1368
0 0 1488 0 0 1488 0 0 1488 0 0 1488 0 0 1488 0 0 1488 0 0 1488 0 0 1488 0 0 1488 0 0 1488
1500 1500 1500 1500 1368 1368 1510 1360 1500 1368 0 1500 1500 1500 1500 1500 1500 1369 1500 1500 1500 1511 1360 1500 1368 0 1500 1500 1500 1500
1500 1500 1500 1500 1368 1369 1511 1360 1500 1368 0 1500 1500 1500 1500 1500 1500 1368 1500 1511 1360 1500 1368 1500 1368 1368 1508 1369
1500 1500 1500 1500 1369 1368 1510 1488 1488 1488 1500 1380 0 1488 1488 1500 1488 1488 1500 1500 1371 1488 1369 1488 1370 1167
1508 1360 1500 1637 1368 1167 1500 1500 1369 1500 1508 1360 1500 1368 0 1500 1500 1500 1500 1369 1500 1500 1500 1508 1360 1500 1368 0
1508 1360 1500 1637 1370 1167 1500 1500 1368 1500 1509 1360 1500 1368 0 1500 1500 1500 1500 1371 1500 1500 1500 1508 1360 1500 1368 1500 1368
1488 0 0 1488 0 0 1488 0 0 1488 0 0 1488 0 0 1488 0 0 1488 0 0 1488 0 0 1488 0 0 1488 0 0
1508 1360 1500 1637 1368 1167 1500 1500 1369 1500 1508 1360 1500 1368 0 1500 1500 1500 1500 1370 1500 1500 1500 1512 1360 1500 1368 0
1500 1500 1500 1500 1368 1369 1508 1360 1500 1368 0 1500 1500 1500 1500 1500 1500 1371 1500 1500 1500 1510 1360 1500 1368 0 1500 1500 1500 1500
1488 0 0 1488 0 0 1488 0 0 1488 0 0 1488 0 0 1488 0 0 1488 0 0 1488 0 0 1488 0 0 1488 0 0
1500 1500 1500 1500 1369 1368 1512 1360 1500 1368 0 1500 1500 1500 1500 1500 1500 1369 1500 1500 1500 1509 1360 1500 1368 0 1500 1500 1500 1500
1500 1500 1500 1500 1368 1371 1512 1360 1500 1368 0 1500 1500 1500 1500 1500 1500 1371 1500 1500 1500 1508 1360 1500 1368 0 1500 1500 1500 1500
0 1500 1500 1500 1500 1368 1500 1508 1360 1500 1368 1500 1368 1368 1511 1500 1368 1488 1654 1380 992 0 0 0 1488 1488 1488 1488
1500 1500 1500 1500 1368 1369 1512 1500 1500 1500 1488 1654 1380 992 0 0 0 1488 0 0 1488 0 0 1488 0 0 1488 0 0
1500 1500 1500 1500 1371 1370 1510 1360 1500 1368 0 1500 1500 1500 1500 1500 1500 1369 1500 1500 1500 1510 1360 1500 1500 1500 1661 1511
1508 1360 1500 1637 1369 1167 1500 1500 1370 1500 1512 1360 1500 1368 0 1500 1500 1500 1500 1369 1500 1500 1500 1511 1360 1500 1368 0
1500 1500 1500 1500 1370 1368 1509 1360 1500 1368 0 1500 1500 1500 1500 1500 1500 1371 1500 1500 1500 1511 1360 1500 1368 0 1500 1500 1500 1500
0 0 1488 0 0 1488 0 0 1488 0 0 1488 0 0 1488 0 0 1488 0 0 1488 0 0 1488 0 0 1488 0 0 1488
1488 0 0 1488 0 0 1488 0 0 1488 0 0 1488 0 0 1488 0 0 1488 0 0 1488 0 0 1488 0 0 1488 0 0
1488 0 0 1488 0 0 1488 0 0 1488 0 0 1488 0 0 0 0 1488 0 0 1488 0 0 1488 0 0 1488 0 0 1488
1500 1500 1500 1500 1371 1369 1500 1500 1509 1369 1488 1654 1380 992 0 0 0 1488 0 0 1488 0 0 0 1488 0 0 1488 0 0
0 0 0 0 1488 0 0 1488 0 0 1488 1488 0 0 1488 0 0 1488 0 0 1488 0 0 1488 0 0 1488 0 0 1488
1500 1500 1500 1500 1369 1371 1511 1360 1500 1368 0 1500 1500 1500 1500 1500 1500 1500 1500 1370 1488 1500 1511 1360 1500 1368 0 1500 1500
1488 0 0 1488 0 0 1488 0 0 1488 0 0 1488 0 0 1488 0 0 1488 0 0 1488 0 0 1488 0 0 1488 0 0
1488 0 0 1488 0 0 1488 0 0 1488 0 0 1488 0 0 1488 0 0 1488 0 0 1488 0 0 1488 0 0 1488 0 0
1488 1488 1488 1508 1360 1500 1661 1369 1167 1370 1500 1500 1508 1360 1500 1380 1508 1360 1500 1765 1370 1508 1360 1500 1661 1368 1508 1360 1500 1661 1370 1167
1508 1360 1500 1637 1368 1167 1500 1500 1369 1500 1512 1360 1500 1368 0 1500 1500 1500 1500 1368 1500 1500 1500 1512 1360 1500 1368 0
1500 1500 1500 1500 1369 1370 1508 1360 1500 1368 0 1500 1500 1500 1500 1500 1500 1371 1500 1500 1500 1512 1360 1500 1368 0 1500 1500 1500 1500
1508 1360 1500 1637 1369 1167 1500 1500 1500 1500 1369 1488 1369 1500 1510 1360 1500 1368 0 1500 1500 1500 1500 1371 1500 1500 1500 1511
0 1488 1508 1360 1500 1637 1369 1500 1500 1500 1500 1371 1508 1368 1488 1654 1380 992 0 0 0 1488 1488 0 0 0 0 1488 0 0
1500 1500 1500 1500 1370 1371 1510 1371 1488 1654 1380 992 0 0 0 1488 0 1488 1488 0 0 0 0 1488 0 0 1488 0 0
1508 1360 1500 1637 1371 1167 1500 1500 1369 1500 1512 1360 1500 1368 0 1500 1500 1500 1500 1370 1500 1500 1500 1508 1360 1500 1368 1500 1368
1508 1360 1500 1637 1371 1167 1500 1500 1368 1500 1510 1360 1500 1368 0 1500 1500 1500 1500 1369 1500 1500 1500 1512 1360 1500 1368 0
1488 1488 1488 1508 1360 1500 1661 1371 1167 1371 1500 1500 1488 1371 1488 1654 1380 992 0 0 0 1488 1488 1488 1488 1500 1380
0 0 1488 1488 0 1488 0 0 1488 0 0 1488 0 0 1488 0 0 1488 0 0 1488 0 0 1488 0 0 1488 0 0 1488 0 0
1508 1360 1500 1637 1369 1167 1500 1500 1370 1500 1512 1360 1500 1368 0 1500 1500 1500 1500 1369 1500 1500 1500 1510 1360 1500 1368 0
1508 1360 1500 1637 1371 1167 1500 1500 1370 1500 1508 1360 1500 1368 0 1500 1500 1500 1500 1371 1500 1500 1368 1488 1654 1380 992
1508 1360 1500 1637 1369 1167 1500 1500 1369 1500 1510 1360 1500 1368 0 1500 1500 1500 1500 1369 1500 1500 1500 1511 1360 1500 1368 0
1500 1500 1500 1500 1371 1368 1508 1360 1500 1368 0 1500 1500 1500 1500 1500 1500 1370 1500 1500 1500 1512 1360 1500 1368 0 1500 1500 1500 1500
1488 0 0 1488 0 0 1488 0 0 1488 0 0 1488 0 0 1488 0 0 1488 0 0 1488 0 0 1488 0 0 1488 0 0
0 1488 1488 0 0 1488 0 0 1488 0 0 1488 0 0 1488 0 0 1488 0 0 1488 0 0 1488 0 0 1488 0 0 1488
1488 0 0 1488 0 0 1488 0 0 1488 0 0 1488 0 0 1488 0 0 1488 0 0 1488 0 0 1488 0 0 1488 0 0
1500 1500 1500 1500 1369 1500 1500 1500 1510 1360 1500 1368 0 1500 1500 1500 1500 1500 1500 1370 1500 1500 1500 1512 1360 1500 1368 0 1500 1500
1500 1500 1500 1500 1371 1368 1508 1360 1500 1661 1500 1500 1500 1500 1369 1371 1508 1360 1500 1661 1508 1370 1488 1380 0 1488 1488 1488 1488 0 0 1488
1488 0 0 0 0 0 0 0 0 1488 0 0 1488 1488 0 0 0 0 1488 0 0 1488 0 0 1488 0 0 1488 0 0 1488 0 1488
1500 1500 1500 1500 1371 1370 1508 1360 1500 1368 0 1500 1500 1500 1500 1500 1500 1369 1500 1500 1500 1500 1371 1488 1512 1369 1488 1360
1500 1500 1500 1500 1369 1368 1509 1360 1500 1368 0 1500 1500 1500 1500 1500 1500 1371 1500 1500 1500 1509 1360 1500 1368 0 1500 1500 1500 1500
1488 0 0 1488 0 0 1488 0 0 1488 0 0 1488 0 0 1488 0 0 1488 0 0 1488 0 0 1488 0 0 1488 0 0
1488 0 0 1488 0 0 1488 0 0 1488 0 0 1488 0 0 1488 0 0 1488 0 0 1488 0 0 1488 0 0 1488 0 0
1508 1360 1500 1637 1370 1167 1500 1500 1368 1500 1511 1360 1500 1368 0 1500 1500 1500 1500 1370 1500 1500 1508 1360 1500 1661 1511 1370 1488
0 0 1488 0 0 1488 0 0 1488 0 0 1488 0 0 1488 0 0 1488 0 0 1488 0 0 1488 0 0 1488 0 0 1488
1508 1360 1500 1637 1368 1167 1500 1500 1368 1500 1511 1360 1500 1368 0 1500 1500 1500 1500 1500 1500 1370 1500 1500 1500 1509 1360 1500 1368
1500 1500 1500 1500 1370 1370 1511 1360 1500 1368 0 1500 1500 1500 1500 1500 1500 1371 1368 1500 1488 1509 1360 1500 1368 1500 1368 1369
1500 1500 1500 1500 1369 1371 1509 1360 1500 1368 0 1500 1500 1500 1500 1500 1500 1369 1500 1500 1500 1512 1360 1500 1368 0 1500 1500 1500 1500
1500 1500 1500 1500 1368 1368 1508 1360 1500 1368 0 1500 1500 1500 1500 1500 1500 1369 1500 1500 1500 1510 1360 1500 1368 0 1500 1500 1500 1500
1500 1500 1500 1500 1368 1369 1368 1512 1360 1500 1368 0 1500 1500 1500 1500 1500 1500 1371 1500 1500 1500 1510 1360 1500 1368 0 1500 1500
1500 1500 1500 1500 1371 1370 1508 1500 1500 1500 1488 1488 1488 1500 1368 1488 1488 1500 1380 1508 1360 1500 1772 1371 1488 1488 1500 1360 1500
1488 1488 1488 0 0 1488 0 0 1488 0 0 1488 0 0 1488 0 0 1488 0 0 1488 0 0 1488 0 0 1488 0 0 1488
1508 1360 1500 1637 1371 1167 1500 1500 1368 1500 1510 1360 1500 1368 0 1500 1500 1500 1500 1368 1500 1500 1500 1510 1360 1500 1368 0
1500 1500 1500 1500 1369 1370 1511 1360 1500 1368 0 1500 1500 1500 1500 1500 1500 1369 1500 1500 1500 1508 1360 1500 1368 0 1500 1500 1500 1500
1488 0 0 1488 0 0 1488 0 0 1488 0 0 1488 0 0 1488 0 0 1488 0 0 1488 0 0 1488 0 0 1488 0 0
1500 1500 1500 1500 1369 1500 1500 1510 1369 1488 1654 1380 992 0 0 0 1488 1488 1488 1488 0 0 0 0 0 0 0 0 0 0 0 0
1500 1500 1500 1500 1368 1370 1508 1360 1500 1661 1500 1500 1500 1500 1370 1368 1512 1360 1500 1368 0 1500 1500 1500 1500 1500 1500 1369 1500 1500 1500
1488 1488 1488 0 0 1488 0 0 1488 0 0 0 0 1488 0 0 1488 0 0 1488 0 0 1488 0 0 1488 0 0 1488 0 0
1488 0 0 1488 0 0 1488 0 0 1488 0 1488 0 0 1488 0 0 1488 0 0 1488 0 0 1488 0 0 1488 0 0 1488
1508 1360 1500 1637 1370 1167 1500 1500 1369 1500 1512 1360 1500 1368 0 1500 1500 1500 1500 1368 1500 1500 1500 1510 1360 1500 1368 0
1508 1360 1500 1637 1371 1167 1500 1500 1370 1500 1509 1360 1500 1368 0 1500 1500 1500 1500 1368 1500 1500 1500 1508 1360 1500 1368 0
1508 1369 1488 1654 1380 992 0 0 0 1488 0 0 1488 0 0 1488 0 0 1488 0 0 1488 0 0 1488 0 0 1488
1488 0 0 1488 0 0 1488 0 0 1488 0 0 1488 0 0 1488 0 0 1488 0 0 1488 0 0 1488 0 0 1488 0 0
1488 1488 1488 1369 1488 1488 1500 1360 1500 1661 1371 1369 1500 1508 1360 1500 1368 0 1500 1500 1500 1500 1369 1500 1500 1500
1500 1500 1500 1500 1371 1500 1500 1500 1512 1360 1500 1368 0 1500 1500 1500 1500 1500 1500 1368 1500 1500 1500 1512 1360 1500 1368 0 1500 1500
1488 0 0 1488 0 0 1488 0 0 1488 0 0 1488 0 0 1488 0 0 1488 0 0 1488 0 0 1488 0 0 1488 0 0
1508 1360 1500 1637 1371 1167 1500 1500 1370 1500 1511 1360 1500 1368 0 1500 1500 1500 1500 1371 1500 1500 1500 1508 1360 1500 1368 0
1488 0 0 1488 0 0 1488 0 0 1488 0 0 1488 0 0 1488 0 0 1488 0 0 1488 0 0 1488 0 0 1488 0 0
1500 1500 1500 1500 1370 1371 1510 1360 1500 1368 0 1500 1500 1500 1500 1500 1500 1368 1500 1500 1500 1510 1360 1500 1368 0 1500 1500 1500 1500
1500 1500 1500 1500 1368 1369 1508 1360 1500 1368 0 1500 1500 1500 1500 1500 1500 1370 1500 1500 1500 1509 1360 1500 1368 0 1500 1500 1500 1500
1488 1488 1488 1508 1360 1500 1661 1370 1167 1369 1500 1500 1508 1360 1500 1511 1661 1368 1500 1500 1500 1512 1360 1500 1368 0 1500 1500 1500 1500
1500 1500 1500 1500 1368 1371 1510 1360 1500 1368 0 1500 1500 1500 1500 1500 1500 1368 1500 1500 1500 1512 1360 1500 1368 0 1500 1500 1500 1500
1508 1360 1500 1637 1369 1167 1500 1500 1368 1500 1509 1360 1500 1368 0 1500 1500 1500 1500 1368 1500 1500 1500 1509 1360 1500 1368 0
1500 1500 1500 1500 1370 1371 1509 1360 1500 1368 0 1500 1500 1500 1500 1500 1500 1368 1500 1500 1500 1508 1360 1500 1368 0 1500 1500 1500 1500
0 0 0 0 1488 1488 0 0 1488 0 0 1488 0 0 1488 0 0 0 0 1488 0 0 1488 0 0 1488 0 0 1488 0 0 1488
0 0 1488 1488 1488 0 0 1488 0 0 1488 0 0 0 0 1488 1488 0 0 1488 0 0 1488 0 0 1488 0 0 1488 0 0 1488
1500 1500 1500 1500 1369 1368 1509 1500 1500 1500 1488 1654 1380 992 0 0 0 1488 1488 0 0 1488 0 0 1488 0 0 1488
1488 1488 1488 1508 1360 1500 1661 1371 1167 1368 1500 1500 1508 1360 1500 1759 1369 1500 1500 1370 1512 1371 1488 1654 1380 992 0 0
1488 1509 1360 1500 1368 1500 1368 1369 1510 1500 1368 1500 1368 1368 1508 1500 1368 1488 1380 0 1488 1488 1488 1488 1488 1488 1368 1488 1488 1500
1488 0 0 1488 0 0 1488 0 0 1488 0 0 1488 0 0 1488 0 0 0 0 1488 1488 1488 0 0 1488 0 0 1488 0 0
1500 1500 1500 1500 1368 1371 1508 1369 1488 1360 1500 1368 0 1500 1500 1500 1500 1500 1500 1370 1500 1500 1368 1488 1508 1360 1500 1509 1500 1368
1508 1360 1500 1637 1369 1167 1500 1500 1368 1500 1509 1360 1500 1368 0 1500 1500 1500 1500 1500 1500 1371 1500 1500 1500 1511 1360 1500 1368
1488 1508 1360 1500 1380 1500 1500 1371 1488 1510 1371 1488 1380 0 1488 1488 1488 1488 1371 1508 1360 1500 1661 1371 1167 1500 1500 1368 1500 1500
1500 1500 1500 1500 1370 1369 1512 1360 1500 1368 0 1500 1500 1500 1500 1500 1500 1370 1500 1500 1500 1508 1360 1500 1368 0 1500 1500 1500 1500
1368 1500 1500 1509 1370 1488 1654 1380 992 0 0 0 1488 0 0 1488 0 0 1488 0 0 1488 0 0 1488 0 0 1488
1500 1500 1500 1500 1368 1371 1510 1360 1500 1368 1500 1327 1368 1500 1500 1500 1508 1360 1500 1368 0 1500 1500 1500 1500 1500 1500 1368
0 1488 0 0 1488 0 0 0 0 1488 0 0 1488 0 0 1488 0 0 1488 0 0 1488 0 0 1488 0 0 1488 0 0 1488
1500 1500 1500 1500 1369 1369 1509 1360 1500 1368 0 1500 1500 1500 1500 1500 1500 1370 1500 1500 1500 1509 1360 1500 1368 0 1500 1500 1500 1500
1508 1360 1500 1637 1368 1167 1500 1500 1370 1500 1512 1360 1500 1368 0 1500 1500 1500 1500 1371 1500 1500 1500 1509 1360 1500 1368 0
1488 1488 1488 0 0 1488 0 0 1488 0 0 1488 0 0 1488 0 0 1488 0 0 1488 0 0 1488 0 0 1488 0 0 1488
1500 1500 1500 1500 1371 1368 1508 1368 1488 1380 0 1488 1488 1488 1488 0 1488 1488 1488 1488 0 0 1488 0 0 0 0 1488 0 0 1488
1500 1500 1500 1500 1370 1370 1510 1370 1488 1654 1380 992 0 0 0 0 0 0 1488 0 0 1488 0 0 1488 0 0 1488
1500 1500 1500 1500 1370 1500 1500 1500 1508 1360 1500 1368 0 1500 1500 1500 1500 1500 1500 1370 1500 1500 1500 1508 1360 1500 1368 0 1500 1500
1500 1500 1500 1500 1371 1370 1512 1368 1488 0 1488 1488 1488 1488 0 0 1488 0 0 1488 0 0 1488 0 0 1488 0 0 1488
1508 1360 1500 1637 1368 1167 1500 1500 1370 1500 1509 1360 1500 1368 0 1500 1500 1500 1500 1371 1500 1500 1500 1509 1360 1500 1368 0
1488 1488 1488 0 0 1488 0 0 1488 0 0 1488 0 0 1488 0 0 1488 0 0 1488 0 0 1488 0 0 1488 0 0 0 0
1488 0 0 1488 0 0 1488 0 0 1488 0 0 1488 0 0 1488 0 0 1488 0 0 1488 0 0 1488 0 0 1488 0 0
1508 1360 1500 1637 1370 1167 1500 1500 1370 1500 1508 1360 1500 1368 0 1500 1500 1500 1500 1371 1500 1500 1500 1512 1360 1500 1368 0
1508 1360 1500 1637 1370 1167 1500 1500 1371 1500 1511 1360 1500 1368 0 1500 1500 1500 1500 1500 1500 1369 1500 1500 1500 1512 1360 1500 1368
1380 1488 1488 1488 1511 1368 1488 1654 1380 992 0 0 0 0 0 0 1488 0 0 1488 0 0 1488 0 0 1488 0 0
1488 0 0 1488 0 0 1488 0 0 1488 0 0 1488 0 0 1488 0 0 1488 0 0 1488 0 0 1488 0 0 1488 0 0
1488 1488 1488 0 0 0 0 0 1488 0 1488 1488 0 0 0 1488 1488 0 0 1488 0 0 0 0 1488 0 0 1488 0 0 1488 0 0
0 0 1488 0 0 1488 0 0 1488 0 0 1488 0 0 0 0 1488 0 0 1488 0 0 1488 0 0 1488 0 0 1488 0 0
1500 1500 1500 1500 1370 1371 1512 1360 1500 1500 1500 1661 1511 1371 1488 1654 1380 992 0 0 0 1488 0 0 1488 0 0
992 0 0 0 1488 1488 0 0 1488 0 0 1488 0 0 1488 0 0 1488 0 0 1488 0 0 1488 0 0 1488 0 0 1488
1508 1360 1500 1637 1371 1167 1500 1500 1371 1500 1511 1360 1500 1368 0 1500 1500 1500 1500 1368 1500 1500 1500 1509 1360 1500 1368 0
1488 1488 1488 1511 1488 1488 1488 1500 1360 1500 1661 1371 1167 1370 1500 1500 1500 1380 1508 1360 1500 1771 1371 1488 1488 1368
1508 1360 1500 1637 1368 1167 1500 1500 1369 1500 1512 1360 1500 1368 0 1500 1500 1500 1500 1368 1500 1500 1500 1512 1360 1500 1368 0
1500 1500 1500 1500 1369 1370 1509 1371 1488 1654 1380 992 0 0 0 1488 1488 0 0 1488 0 0 0 1488 1488 0 0 1488
1508 1360 1500 1637 1371 1167 1500 1500 1370 1500 1511 1360 1500 1368 0 1500 1500 1500 1500 1368 1500 1500 1500 1510 1360 1500 1368 0
1508 1360 1500 1637 1370 1167 1500 1500 1369 1500 1512 1360 1500 1368 0 1500 1500 1500 1500 1370 1500 1500 1500 1508 1360 1500 1368 0
0 0 1488 0 0 1488 0 0 1488 0 0 1488 0 0 1488 0 0 1488 0 0 1488 0 0 1488 0 0 0 0 1488 1488 0 0
1500 1500 1500 1500 1369 1371 1510 1371 1488 1654 1380 992 0 0 0 1488 1488 1488 1488 0 0 0 0 0 0 1488 0 0 1488
1488 0 0 1488 0 0 1488 0 0 1488 0 0 0 0 1488 0 0 1488 0 0 1488 0 0 1488 0 0 1488 0 0 1488
1500 1500 1500 1500 1371 1369 1510 1360 1500 1368 0 1500 1500 1500 1500 1500 1500 1371 1500 1511 1360 1500 1368 1500 1368 1371 1510 1500 1368
1488 0 0 1488 0 0 1488 0 0 1488 0 0 1488 0 0 1488 0 0 1488 0 0 1488 0 0 1488 0 0 1488 0 0
1500 1500 1500 1500 1370 1370 1511 1360 1500 1368 0 1500 1500 1500 1500 1500 1500 1369 1500 1500 1500 1511 1360 1500 1368 0 1500 1500 1500 1500
1508 1360 1500 1637 1368 1167 1500 1500 1371 1500 1512 1360 1500 1368 0 1500 1500 1500 1500 1371 1500 1500 1500 1511 1360 1500 1368 1500
1508 1360 1500 1637 1370 1167 1500 1500 1368 1500 1509 1360 1500 1368 0 1500 1500 1500 1500 1368 1500 1500 1500 1508 1360 1500 1368 0
1500 1500 1500 1500 1370 1370 1512 1500 1500 1509 1370 1488 1360 1508 1500 1368 0 1500 1500 1500 1500 1500 1500 1371 1500 1500 1500 1508
1508 1360 1500 1637 1370 1167 1500 1500 1368 1500 1509 1360 1500 1368 0 1500 1500 1500 1500 1371 1500 1500 1500 1510 1360 1500 1368 0
0 0 1488 0 0 0 0 1488 0 0 0 0 1488 0 0 1488 0 0 1488 0 0 1488 0 1488 0 0 1488 0 0 1488 0 0
1488 0 0 1488 0 0 1488 0 0 1488 0 0 1488 0 0 1488 0 0 1488 0 0 1488 0 0 1488 0 0 1488 0 0
1508 1360 1500 1637 1369 1167 1500 1500 1368 1500 1508 1360 1500 1368 0 1500 1500 1500 1500 1369 1500 1500 1500 1511 1360 1500 1368 0
1508 1360 1500 1637 1368 1167 1500 1500 1371 1500 1508 1360 1500 1368 0 1500 1500 1500 1500 1370 1500 1500 1500 1511 1360 1500 1368 0
1508 1360 1500 1637 1370 1167 1500 1500 1368 1500 1510 1360 1500 1368 0 1500 1500 1500 1500 1369 1500 1500 1500 1508 1360 1500 1368 0
1508 1360 1500 1637 1371 1167 1500 1500 1368 1500 1509 1360 1500 1368 0 1500 1500 1500 1500 1368 1500 1500 1500 1511 1360 1500 1368 0
1368 1500 1500 1368 1488 1488 1369 1500 1500 1511 1370 1488 1654 1380 992 0 0 0 1488 1488 1488 1488 0 0 0 0 0 0 1488
1488 0 0 1488 0 0 1488 0 0 1488 0 0 1488 0 0 1488 0 0 1488 0 0 1488 0 0 1488 0 0 1488 0 0
0 0 1488 0 0 0 0 1488 0 0 1488 0 0 1488 0 0 0 0 1488 0 0 1488 0 0 1488 0 0 1488 0 0 1488
1500 1500 1500 1500 1368 1368 1508 1360 1500 1368 0 1500 1500 1500 1500 1500 1500 1368 1500 1500 1500 1510 1360 1500 1368 0 1500 1500 1500 1500
1500 1500 1500 1500 1368 1371 1512 1360 1500 1368 0 1500 1500 1500 1500 1500 1500 1369 1500 1500 1500 1510 1360 1500 1368 0 1500 1500 1500 1500
1508 1360 1500 1637 1371 1167 1500 1500 1371 1500 1510 1360 1500 1368 0 1500 1500 1500 1500 1368 1500 1500 1500 1509 1360 1500 1368 0
1488 0 1488 0 0 1488 0 0 1488 0 0 1488 0 0 1488 0 0 1488 0 0 1488 0 0 1488 0 0 1488 0 0 0 0
1508 1360 1500 1637 1369 1167 1500 1500 1368 1500 1508 1360 1500 1368 0 1500 1500 1500 1500 1368 1500 1500 1500 1509 1360 1500 1368 0
1371 1500 1500 1369 1488 1509 1371 1488 1360 1500 1368 0 1500 1500 1500 1500 1371 1500 1500 1500 1500 1371 1488 1654 1380 992
1508 1360 1500 1637 1369 1167 1500 1500 1370 1500 1508 1360 1500 1368 0 1500 1500 1500 1500 1369 1500 1500 1500 1512 1360 1500 1368 0
1488 0 0 1488 0 0 1488 0 0 1488 0 0 1488 0 0 0 0 1488 0 0 1488 0 0 1488 0 0 1488 0 0 1488
1508 1360 1500 1637 1369 1167 1500 1500 1370 1500 1510 1360 1500 1368 0 1500 1500 1500 1500 1371 1500 1500 1500 1500 1371 1488 1500 1510
0 0 1488 0 0 1488 0 0 1488 0 0 1488 0 0 1488 0 0 1488 0 0 1488 0 0 1488 0 0 0 0 0 0 0 0
0 0 1488 0 0 1488 0 0 1488 0 0 1488 0 0 1488 0 0 1488 0 0 1488 0 0 1488 0 0 1488 0 0 1488
1508 1360 1500 1637 1368 1167 1500 1500 1370 1500 1512 1360 1500 1368 0 1500 1500 1500 1500 1371 1500 1500 1500 1508 1360 1500 1368 0
1371 1500 1500 1369 1488 1371 1512 1371 1488 1654 1380 992 0 0 0 1488 0 0 1488 0 0 1488 0 0 1488 0 0
1508 1360 1500 1637 1371 1167 1500 1500 1369 1500 1509 1360 1500 1368 0 1500 1500 1500 1500 1368 1500 1500 1500 1509 1360 1500 1368 0
1508 1360 1500 1637 1369 1167 1500 1500 1370 1500 1508 1360 1500 1368 0 1500 1500 1500 1500 1370 1500 1500 1500 1511 1360 1500 1368 0
1508 1360 1500 1637 1369 1167 1500 1500 1368 1500 1509 1360 1500 1368 0 1500 1500 1500 1500 1368 1500 1500 1500 1512 1360 1500 1368 0
1488 0 0 1488 0 0 1488 0 0 1488 0 0 1488 0 0 1488 0 0 1488 0 0 1488 0 0 1488 0 0 1488 0 0
1488 0 0 1488 0 0 1488 0 0 1488 0 0 1488 0 0 1488 0 0 1488 0 0 1488 0 0 1488 0 0 1488 0 0
1500 1500 1500 1500 1370 1370 1511 1360 1500 1368 0 1500 1500 1500 1500 1500 1500 1368 1500 1500 1500 1509 1360 1500 1368 0 1500 1500 1500 1500
1488 0 0 1488 0 0 1488 0 0 1488 0 0 1488 0 0 1488 0 0 1488 0 1488 1488 0 0 1488 0 0 1488 0 0
1500 1500 1500 1500 1368 1368 1511 1360 1500 1368 0 1500 1500 1500 1500 1500 1500 1371 1500 1500 1500 1508 1360 1500 1368 0 1500 1500 1500 1500
1500 1500 1500 1500 1370 1369 1512 1360 1500 1368 0 1500 1500 1500 1500 1500 1500 1369 1500 1500 1500 1511 1360 1500 1368 0 1500 1500 1500 1500
1500 1500 1500 1500 1371 1369 1509 1360 1500 1368 0 1500 1500 1500 1500 1500 1500 1370 1500 1500 1500 1510 1360 1500 1368 0 1500 1500 1500 1500
1488 0 0 1488 0 0 1488 0 0 1488 0 0 1488 0 0 1488 0 0 1488 0 0 1488 0 0 1488 0 0 1488 0 0
1500 1500 1500 1500 1368 1369 1511 1360 1500 1368 0 1500 1500 1500 1500 1500 1500 1371 1500 1500 1500 1511 1360 1500 1368 0 1500 1500 1500 1500
1500 1500 1500 1500 1371 1370 1512 1360 1500 1368 0 1500 1500 1500 1500 1500 1500 1370 1500 1500 1500 1508 1360 1500 1368 0 1500 1500 1500 1500
1508 1360 1500 1637 1371 1167 1500 1500 1371 1500 1512 1360 1500 1368 0 1500 1500 1500 1500 1370 1500 1500 1500 1509 1360 1500 1368 0
1500 1500 1500 1500 1371 1368 1509 1360 1500 1368 0 1500 1500 1500 1500 1500 1500 1368 1500 1500 1500 1512 1360 1500 1368 0 1500 1500 1500 1500
1488 0 0 1488 0 0 1488 0 0 1488 0 0 1488 0 0 1488 0 0 1488 0 0 1488 0 0 0 0 1488 0 0 1488
1508 1360 1500 1637 1371 1167 1500 1500 1369 1500 1510 1360 1500 1368 0 1500 1500 1500 1500 1368 1500 1500 1500 1508 1360 1500 1368 0
1508 1360 1500 1637 1369 1167 1500 1500 1369 1500 1510 1360 1500 1368 0 1500 1500 1500 1500 1371 1500 1500 1500 1512 1360 1500 1368 0
1508 1360 1500 1637 1368 1167 1500 1500 1371 1500 1510 1360 1500 1368 0 1500 1500 1500 1500 1500 1500 1371 1500 1500 1500 1511 1360 1500 1368
1508 1360 1500 1637 1370 1167 1500 1500 1369 1500 1511 1360 1500 1368 0 1500 1500 1500 1500 1370 1500 1500 1500 1512 1360 1500 1368 0
1508 1360 1500 1637 1370 1167 1500 1500 1369 1500 1511 1360 1500 1368 0 1500 1500 1500 1500 1368 1500 1500 1500 1512 1360 1500 1500 1500
0 0 0 0 0 0 1488 1488 0 0 1488 0 0 1488 0 0 1488 0 0 1488 0 0 1488 0 0 1488 0 0 1488 0 0 1488
1500 1500 1500 1500 1368 1371 1509 1360 1500 1368 0 1500 1500 1500 1500 1500 1500 1370 1500 1500 1500 1511 1360 1500 1368 0 1500 1500 1500 1500
1508 1360 1500 1637 1371 1167 1500 1500 1369 1500 1510 1360 1500 1368 0 1500 1500 1500 1500 1368 1500 1500 1500 1500 1371 1488 1654 1380
1508 1360 1500 1637 1371 1167 1500 1500 1368 1500 1511 1360 1500 1368 0 1500 1500 1500 1500 1368 1370 1500 1500 1508 1360 1500 1661 1511 1368
1508 1360 1500 1637 1368 1167 1500 1500 1369 1500 1510 1360 1500 1368 0 1500 1500 1500 1500 1371 1500 1500 1500 1512 1360 1500 1368 0
1488 1508 1360 1500 1769 1371 1500 1500 1369 1371 1510 1370 1488 1654 1380 992 0 0 0 1488 0 1488 0 1488 1488 0 0 0 0
1488 0 0 1488 0 0 1488 0 0 1488 0 0 1488 0 0 0 0 1488 0 0 1488 0 0 1488 0 0 1488 0 0 1488
0 0 1488 0 0 1488 0 0 1488 0 0 1488 0 0 1488 0 0 1488 0 0 1488 0 0 1488 0 0 1488 0 0 1488
1508 1360 1500 1637 1370 1167 1500 1500 1368 1500 1511 1360 1500 1368 0 1500 1500 1500 1500 1370 1500 1500 1500 1510 1360 1500 1368 0
1488 0 0 1488 0 0 1488 0 0 1488 0 0 1488 0 0 1488 0 0 1488 0 0 1488 0 0 1488 0 0 1488 0 0
1500 1500 1500 1500 1368 1500 1511 1360 1500 1368 1500 1368 1371 1509 1500 1368 1488 1654 1380 1500 1500 1500 1500 1370 1500 1500 1500 1510
0 1488 1488 1488 1488 1371 1167 1370 1500 1500 1500 1500 1368 1488 1654 1380 992 0 0 0 1488 1508 1360 1500 1661 1500 1500 1369 1488
1500 1500 1500 1500 1370 1500 1500 1500 1510 1360 1500 1368 0 1500 1500 1500 1500 1500 1500 1370 1500 1500 1500 1508 1360 1500 1368 0 1500 1500
1508 1360 1500 1637 1369 1167 1500 1500 1369 1500 1510 1360 1500 1368 0 1500 1500 1500 1500 1370 1500 1500 1500 1510 1360 1500 1368 0
1488 0 0 1488 0 0 1488 0 0 1488 0 0 1488 0 1488 0 0 1488 0 0 1488 0 0 1488 0 0 0 0 1488 0 0
1500 1500 1500 1500 1370 1500 1500 1500 1509 1360 1500 1368 0 1500 1500 1500 1500 1500 1500 1370 1500 1500 1500 1510 1360 1500 1368 0 1500 1500
1488 0 0 1488 0 0 1488 0 0 1488 0 0 1488 0 0 1488 0 0 0 0 0 0 1488 0 0 1488 0 0 1488 0 0
1508 1360 1500 1637 1371 1167 1500 1500 1370 1500 1512 1360 1500 1368 0 1500 1500 1500 1500 1500 1500 1370 1500 1500 1500 1509 1360 1500 1368
1508 1360 1500 1637 1369 1167 1500 1500 1371 1500 1511 1360 1500 1368 0 1500 1500 1500 1500 1370 1500 1500 1500 1509 1360 1500 1368 0
1500 1500 1500 1500 1370 1368 1511 1360 1500 1368 0 1500 1500 1500 1500 1500 1500 1371 1500 1500 1500 1511 1360 1500 1368 0 1500 1500 1500 1500
1500 1500 1500 1500 1370 1369 1510 1360 1500 1368 0 1500 1500 1500 1500 1500 1500 1371 1500 1500 1500 1512 1360 1500 1368 0 1500 1500 1500 1500

