1508 1360 1500 1760 1368 0 1288 959 1500 1500 1500 2677 1368 0 1343 1500 1500 2757 1368 0
1288 507 1500 1500 1368 1368 1500 1508 1360 1500 2694 1368 513 1368 1500 1500 1508 1368 1360 1500
2710 1368 385 1368 1500 1500 1368 1508 1360 1500 2098 1368 2620 1368 497 1368 1500 1500 1368 1508
1360 1500 2098 1368 2524 1368 497 1368 1500 1500 1368 1360 1508 1368 1174 1500 1517 1974 1368 1368
1500 1360 1508 1368 1099 1500 1517 1982 1368 1368 1500 1360 1508 1368 1099 1500 1517 1982 1368 1982
1356 1368 1500 1360 1508 1368 1099 1500 1517 1982 1368 1368 1500 1508 1360 1500 1505 1368 2287 1368
1114 1368 1500 1500 1508 1368 1360 1500 2098 1368 2540 1368 497 1368 1500 1500 1368 1360 1508 1368
1099 1500 1517 1368 1905 1560 1368 1368 1500 1360 1508 1368 1174 1500 1517 1368 2011 1368 1903 1368
1501 2163 1368 1368 1368 1500 1360 1508 1368 1174 1500 1517 1368 2011 1368 1501 1368 2323 1743 1368
1368 1500 1360 1508 1368 1070 1500 1517 1368 1953 1368 1501 1500 1368 1368 1500 1508 1360 1500 1505
1368 1368 2287 1368 1114 1500 1368 1500 1368 1360 1508 1368 1097 1500 1517 1957 1368 1368 1500 1360
1508 1368 1163 1500 1517 1926 1368 1368 1500 1508 1360 1500 1505 1368 2287 1368 1114 1500 1368 1500
1368 1360 1508 1368 1163 1500 1517 1926 1368 1368 1500 1508 1360 1500 1505 1368 2287 1368 1113 1500
1368 1500 1368 1360 1508 1368 1163 1500 1517 1926 1368 1368 1500 1508 1360 1500 1505 1368 2287 1368
1114 1500 1368 1500 1368 1360 1508 1368 1163 1500 1517 1926 1926 1368 1356 1368 1500 1508 1360 1500
1505 1368 2287 1368 1114 1500 1368 1500 1368 1360 1508 1368 1163 1500 1517 1926 1926 1368 1356 1368
1500 1360 1508 1368 1174 1500 1517 1368 2011 1368 2591 1368 1368 1500 1508 1360 1500 1505 1368 2287
1368 1114 1500 1368 1500 1368 1360 1508 1368 1163 1500 1517 1926 1368 1368 1500 1508 1360 1500 1505
1368 2287 1368 1114 1368 1500 1500 1368 1360 1508 1368 1163 1500 1517 1926 1368 1368 1500 1508 1360
1500 1505 1368 2287 1368 1114 1500 1368 1500 1368 1360 1508 1368 1163 1500 1517 1926 1368 1368 1500
1508 1360 1500 1505 1368 2287 1368 1114 1368 1500 1500 1368 1360 1508 1368 1163 1500 1517 1926 1368
1368 1500 1508 1360 1500 1505 1368 2287 1368 1114 1500 1368 1500 1368 1360 1508 1368 1174 1500 1517
1368 2011 1368 1929 2162 1368 1368 1368 1500 1360 1508 1368 1163 1500 1517 1926 1368 1368 1500 1508
1360 1500 1505 2287 1368 1114 1368 1500 1500 1368 1360 1508 1368 1163 1500 1517 1926 1368 1368 1500
1508 1360 1500 1505 1368 2287 1114 1368 1500 1500 1368 1360 1508 1368 1163 1500 1517 1926 1368 1368
1500 1508 1360 1500 1505 1368 2287 1368 1113 1500 1368 1500 1368 1360 1508 1368 1163 1500 1517 1926
1926 1368 1356 1368 1500 1508 1360 1500 1505 1368 2287 1368 1114 1500 1368 1500 1368 1360 1508 1368
1163 1500 1517 1926 1368 1368 1500 1508 1360 1500 2098 1368 2540 1368 497 1368 1500 1500 1368 1508
1360 1500 1505 1368 2287 1368 1114 1500 1368 1500 1368 1360 1508 1368 1174 1500 1517 1368 2195 2408
1368 1368 1368 1500 1360 1508 1368 1163 1500 1517 1926 1368 1368 1500 1508 1360 1500 1505 1368 2287
1368 1114 1368 1500 1500 1368 1360 1508 1368 1163 1500 1517 1926 1926 1368 1356 1368 1500 1508 1360
1500 1505 1368 2287 1368 1114 1500 1368 1500 1368 1360 1508 1368 1163 1500 1517 1926 1368 1368 1500
1508 1360 1500 1505 1368 2287 1368 1114 1500 1368 1500 1368 1360 1508 1368 1163 1500 1517 1926 1368
1368 1500 1508 1360 1500 1505 1368 2287 1368 1114 1500 1368 1500 1368 1360 1508 1368 1163 1500 1517
1926 1368 1368 1500 1508 1360 1500 1505 1368 2287 1368 1114 1500 1368 1500 1368 1360 1508 1368 1174
1500 1517 1368 2302 2301 1368 1368 1500 1360 1508 1368 1163 1500 1517 1926 1368 1368 1500 1508 1360
1500 1505 1368 2287 1368 1114 1500 1368 1500 1368 1360 1508 1368 1163 1500 1517 1926 1368 1368 1500
1508 1360 1500 1505 1368 1368 2287 1368 1114 1368 1500 1500 1368 1360 1508 1368 1163 1500 1517 1972
1368 1368 1500 1508 1360 1500 1505 1368 2287 1368 1114 1500 1500 1368 1368 1500 1508 1360 1500 1505
1368 2287 1368 1114 1368 1500 1500 1368 1360 1508 1368 1174 1500 1517 2948 2009 1368 1368 1368 1500
1508 1360 1500 1505 1368 2287 1368 1114 1368 1500 1500 1368 1508 1360 1500 1505 1368 2287 1368 1114
1500 1368 1500 1368 1508 1360 1500 1505 1368 2287 1368 1114 1500 1368 1500 1368 1508 1360 1500 1505
1368 2287 1368 1113 1500 1368 1500 1368 1508 1360 1500 1505 1368 2287 1368 1113 1500 1500 1368 1500
1368 1360 1508 1368 1174 1500 1517 1368 2792 2165 2165 1368 1368 1500 1356 1508 1360 1500 1505 1368
2287 1368 1114 1368 1500 1500 1368 1508 1360 1500 1505 1368 2287 1368 1114 1500 1368 1500 1368 1508
1360 1500 1505 1368 2287 1368 1113 1500 1368 1500 1368 1508 1360 1500 1505 1368 2287 1368 1114 1368
1500 1500 1368 1508 1360 1500 1505 1368 2287 1368 1114 1500 1368 1500 1368 1360 1508 1368 1174 1500
1517 1368 2792 2165 2165 1368 1368 1500 1356 1508 1360 1500 1505 1368 2287 1368 1114 1500 1368 1500
1368 1508 1360 1500 1505 1368 2287 1368 1114 1368 1500 1500 1368 1508 1360 1500 1505 1368 2287 1368
1114 1500 1368 1500 1368 1508 1360 1500 1505 1368 2287 1368 1114 1500 1368 1500 1368 1508 1360 1500
1505 1368 2287 1368 1114 1368 1500 1500 1368 1360 1508 1368 1174 1500 1517 1368 2550 2407 2407 1368
1368 1500 1356 1508 1360 1500 1505 1368 2287 1368 1113 1500 1368 1500 1368 1508 1360 1500 1505 1368
2287 1368 1113 1500 1368 1500 1368 1508 1360 1500 1505 1368 2287 1368 1113 1500 1500 1368 1500 1368

