[-58, 58, -54, -239, 431, -54, 54, -58, 58, -54, -54, -237, 492, -391, 54, 662, 662, -54, -252, 54, 79, 79, -54, -121, 54, -566, 54, -566, 54, -566, 54, -566, 54, -566, 54, -566, 54, -566, 54, -566, 54, -204, 54, 431, -54, -327, 463, -276, 431, -54, -54, 54, -54]

[-58, 58, -54, -239, 431, -54, -58, 54, 58, -54, -54, -237, 492, -391, 54, 662, -54, -252, 54, 79, -121, 54, -566, 54, -566, 54, -566, 54, -566, 54, -566, 54, -566, 54, -566, 54, -566, 54, -364, 54, 431, -54, -327, 463, -276, 431, -54, -54, 54, -54]

[-58, 58, -54, -239, 431, -54, -58, 54, 58, -54, -54, -237, 492, -391, 54, 662, -54, -252, 54, 79, -121, 54, -566, 54, -566, 54, -566, 54, -566, 54, -566, 54, -566, 54, -566, 54, -566, 54, -476, 54, 431, -54, -327, 463, -276, 431, -54, -54, 54, -54]

[-58, 58, -54, -239, 431, -54, 54, -58, 58, 54, -54, 58, -54, -237, 492, -391, 54, 662, -54, -252, 54, 79, -121, 54, -566, 54, -566, 54, -566, 54, -566, 54, -566, 54, -566, 54, -566, 54, -566, 54, -364, 54, 431, -54, -327, 463, -276, 431, -54, -54, 54, -54]

[-58, 58, -54, -239, 431, -54, 54, -58, 58, -54, -54, -237, 492, -391, 54, 662, -54, -252, 54, 79, -121, 54, -566, 54, -566, 54, -566, 54, -566, 54, -566, 54, -566, 54, -566, 54, -566, 54, -364, 54, 431, -54, -327, 463, -276, 431, -54, -54, 54, -54]

[-58, 58, -54, -239, 431, -54, 54, -58, 58, -54, -54, -237, 492, -391, 54, 662, -54, -252, 54, 79, -121, 54, -566, 54, -566, 54, -566, 54, -566, 54, -566, 54, -566, 54, -566, 54, -566, 54, -364, 54, 431, -54, -327, 463, -54, -276, 431, 431, -54, -54, 54, -54]

[-58, 58, -54, -239, 431, -54, -58, 54, 58, -54, -54, -237, 492, -391, 54, 662, -54, -252, 54, 79, -121, 54, -566, 54, -566, 54, -566, 54, -566, 54, -566, 54, -566, 54, -566, 54, -566, 54, -364, 54, 431, -54, -327, 463, -54, -276, 431, -54, -54, 54, -54]

[-58, 58, -54, -239, 431, -54, -58, 54, 58, -54, -54, -237, 492, -391, 54, 662, -54, -252, 54, 79, -121, 54, -566, 54, -566, 54, -566, 54, -566, 54, -566, 54, -566, 54, -566, 54, -566, 54, -364, 54, 431, -54, -327, 463, -276, 431, -54, -54, 54, -54]

[-58, 58, -54, -239, 431, -54, 54, -58, 58, -54, -54, -237, 492, -391, 54, 662, -54, -252, 54, 79, -121, 54, -566, 54, -566, 54, -566, 54, -566, 54, -566, 54, -566, 54, -566, 54, -566, 54, -566, 54, -204, 54, 431, -54, -327, 463, -276, 431, -54, -54, 54, -54]

[-58, 58, -54, -239, 431, -54, -58, 54, 58, -54, -54, -237, 492, -391, 54, 662, -54, -252, 54, 79, -121, 54, -566, 54, -566, 54, -566, 54, -566, 54, -566, 54, -566, 54, -566, 54, -566, 54, -204, 54, 431, -54, -327, 463, -54, -276, 431, -54, -54, 54, -54]

[-58, 58, -54, -239, 431, -54, -58, 54, 58, -54, -54, -237, 492, -391, 54, 662, -54, -252, 54, 79, -121, 54, -566, 54, -566, 54, -566, 54, -566, 54, -566, 54, -566, 54, -566, 54, -566, 54, -364, 54, 431, -54, -327, 463, -276, 431, -54, -54, 54, -54]

[-58, 58, -54, -239, 431, -54, -58, 54, 58, -54, -54, -237, 492, -391, 54, 662, -54, -252, 54, 79, -121, 54, -566, 54, -566, 54, -566, 54, -566, 54, -566, 54, -566, 54, -566, 54, -566, 54, -364, 54, 431, -54, -327, 54, 463, -276, 54, 431, -54, -54, 54, -54]

[-58, 58, -54, -239, 431, -54, -58, 54, 58, -54, -54, -237, 492, -391, 54, 662, 662, -54, -252, 54, 79, -121, 54, -566, 54, -566, 54, -566, 54, -566, 54, -566, 54, -566, 54, -566, 54, -566, 54, -364, 54, 431, -54, -327, 463, -54, -276, 54, 431, -54, -54, 54, -54]

[-58, 58, -54, -239, 431, -54, -58, 54, 58, -54, -54, -237, 492, -391, 54, 662, -54, -252, 54, 79, -121, 54, -566, 54, -566, 54, -566, 54, -566, 54, -566, 54, -566, 54, -566, 54, -566, 54, -566, 54, -124, 54, 431, -54, -327, 463, -276, 431, -54, -54, 54, -54]

[-58, 58, -54, -239, 431, -54, 54, -58, 58, -54, -54, -237, 492, -391, 54, 662, -54, -252, 54, 79, -121, 54, -566, 54, -566, 54, -566, 54, -566, 54, -566, 54, -566, 54, -566, 54, -566, 54, -566, 54, -566, 54, -204, 54, 431, -54, -327, 463, -276, 431, -54, -54, 54, -54]

[-58, 58, -54, -239, 431, -54, 54, -58, 58, -54, 58, -54, -237, 492, -391, 54, 662, -54, -252, 54, 79, -121, 54, -566, 54, -566, 54, -566, 54, -566, 54, -566, 54, -566, 54, -566, 54, -566, 54, -204, 54, 431, -54, -327, 463, -276, 431, -54, -54, 54, -54]

[-58, 58, -54, -239, 431, -54, -58, 54, 58, -54, -54, -237, 492, -391, 54, 662, -54, -252, 54, 79, -121, 54, -566, 54, -566, 54, -566, 54, -566, 54, -566, 54, -566, 54, -566, 54, -566, 54, -566, 54, -566, 54, -204, 54, 431, -54, -327, 463, -276, 431, -54, -54, 54, -54]

[-58, 58, -54, -239, 431, -54, -58, 54, 58, -54, -54, -237, 492, -391, 54, 662, -54, -252, 54, 79, -121, 54, -566, 54, -566, 54, -566, 54, -566, 54, -566, 54, -566, 54, -566, 54, -566, 54, -532, 54, 431, -327, 463, -276, 431, -54, -54, 54, -54]

[-58, 58, -54, -239, 431, -54, -58, 54, 58, -54, -54, -237, 492, -391, 54, 662, -54, -252, 54, 79, -121, 54, -566, 54, -566, 54, -566, 54, -566, 54, -566, 54, -566, 54, -566, 54, -566, 54, -364, 54, 431, -54, -327, 463, -276, 431, -54, -54, 54, -54]

[-58, 58, -54, -239, 431, -54, -58, 54, 58, -54, -54, -237, 492, -54, -391, 54, 662, -54, -252, 54, 79, -121, 54, -566, 54, -566, 54, -566, 54, -566, 54, -566, 54, -566, 54, -566, 54, -566, 54, -364, 54, 431, -54, -327, 463, -276, 431, -54, -54, 54, -54]
