1508 1360 1500 1637 1368 1167 1500 1500 1368 1500 1508 1360 1500 1368 0 1500 1500 1500 1500 1368 1500 1500 1500 1508 1360 1500 1368 0
1500 1500 1500 1500 1368 1368 1508 1360 1500 1368 0 1500 1500 1500 1500 1500 1500 1368 1488 1488 1368 1500 1500 1508 1368 1488 1380 0 1488 1488 1488
1488 1488 1488 1508 1488 1488 1488 1500 1380 1360 1500 1661 1368 1167 1368 1500 1500 1368 319 1500 1508 1368 1488 1380
0 1488 1488 1488 1488 1488 1488 1508 1360 1500 1770 1368 1327 1500 880 1368 1380 1500 1500 1368 1380 1508 1368 1488 1654 1380
992 0 0 0 1488 1488 1488 1488 0 0 0 0 0 0 0 0 0 0 0 1488 1488 1488 1488 1488 1488 1488 1488 0 0 0 0 0 0 0 0 0 1488
1488 0 0 0 0 1488 1488 1488 1488 1488 0 0 0 0 1488 0 0 1488 0 0 1488 1488 0 0 0 0 1488 1488 0 1488 0 0 0 0 1488
0 0 0 0 1488 1488 0 0 1488 0 0 1488 1488 0 1488 0 0 0 0 0 0 1488 0 0 1488 0 1488 1488 0 0 0 1488 1488 0 1488
0 0 1488 0 0 0 0 0 0 1488 0 0 1488 0 0 1488 1488 1488 0 0 0 1488 0 0 1488 0 0 1488 0 0 0 0 0 0
1488 1488 1488 1488 0 0 1488 0 0 1488 0 0 1488 0 0 0 0 0 0 1488 1488 1488 0 1488 0 0 1488 0 0 0 0 1488 1488 0 0
0 0 0 0 1488 1488 1488 0 1488 0 0 1488 0 0 0 0 1488 1488 0 0 0 0 1488 0 0 1488 1488 0 1488 0 0 1488 0 0 0 0
1488 0 0 1488 1488 0 0 0 0 1488 1488 1280 1488 1380 1488 1488 1380 1488 1380 1488 1488 1488 1508 1360 1500 1368 0 1500 1500 1500 1500 1368
1508 1360 1500 1637 1368 1167 1500 1500 1368 1500 1508 1360 1500 1368 0 1500 1500 1500 1500 1368 1500 1500 1500 1508 1360 1500 1368 0
1500 1500 1500 1500 1368 1368 1508 1360 1500 1368 0 1500 1500 1500 1500 1500 1500 1368 1488 1488 1368 1508 1500 1500 1508 1368 1488 1380 0 1488
1488 1488 1488 1488 1488 1360 1500 1661 1368 1167 1368 1500 1500 1500 1488 1488 1488 1500 1380 1368 1488 1488 1508 1368 1488 1380
0 1488 1488 1488 1488 1488 1488 1327 1500 1380 1508 1360 1500 1762 1368 1380 880 1368 1500 1500 1368 1508 1368 1488 1654 1380
992 0 0 0 1488 1488 1488 1488 0 0 0 0 0 0 0 0 0 0 0 1488 1488 1488 1488 1488 1488 1488 1488 0 0 0 0 1488 0 0 0 1488
0 0 0 0 0 0 1488 1488 1488 1488 1488 0 0 0 0 1488 1488 0 0 1488 0 0 0 0 0 0 1488 1488 1488 0 1488 0 0 0 0 1488 1488
0 0 1488 0 0 1488 0 0 0 0 1488 1488 0 1488 0 0 0 0 0 0 1488 1488 1488 0 0 1488 0 0 0 0 1488 1488 0 1488 0 0
0 0 0 0 1488 1488 1488 0 0 1488 0 0 0 0 1488 1488 0 0 0 0 0 0 0 1488 1488 1488 0 0 1488 0 0 0 0 1488 1488 1488
0 0 0 0 0 0 1488 0 0 1488 1488 1488 0 0 0 0 1488 1488 0 1488 0 0 0 0 1488 0 0 0 0 1488 1488 1488 0 0 0 0
1488 1488 0 1488 0 0 0 0 1488 1488 0 0 0 0 1488 1488 0 0 0 0 1488 1488 0 0 0 0 0 1488 1488 0 0 0 0 1488 1488 0 0 0 0
1488 1488 1488 1280 1488 1380 1488 1488 1380 1380 1488 1488 1488 1488 1508 1360 1500 1368 0 1500 1500 1500 1500 1368 1500 1508 1360 1500 1368
1508 1360 1500 1637 1368 1167 1500 1500 1368 1500 1508 1360 1500 1368 0 1500 1500 1500 1500 1368 1500 1500 1500 1508 1360 1500 1368 0
1500 1500 1500 1500 1368 1368 1508 1360 1500 1368 0 1500 1500 1500 1500 1500 1500 1368 1488 1488 1368 1500 1500 1508 1368 1488 1508 1380
0 1488 1488 1488 1488 1488 1488 1360 1500 1661 1368 1167 1368 1500 1500 1500 1488 1488 1488 1500 1380 1368 1488 1488 1508 1368
1488 1508 1360 1500 1764 1368 1380 0 1488 1488 1488 1488 1488 1488 880 1368 1500 1500 1368 1327 1500 1380 1380 1508 1368 1488
1654 1380 992 0 0 0 1488 1488 1488 1488 0 0 0 0 0 0 0 0 1488 0 0 0 1488 1488 1488 1488 1488 1488 1488 0 0 0 0 0 0
1488 1488 1488 0 0 0 0 0 1488 0 0 1488 1488 1488 0 0 0 0 0 0 1488 1488 0 0 1488 0 0 1488 0 0 1488 1488 0 1488 0 0
0 0 0 0 1488 1488 0 0 1488 0 1488 0 0 0 1488 1488 0 1488 0 0 0 0 0 0 0 0 1488 1488 0 0 0 0 1488 1488 1488 1488 0 1488
0 0 0 0 0 0 0 0 1488 1488 1488 1488 0 0 0 0 1488 1488 0 0 0 0 0 0 0 1488 0 0 1488 0 1488 0 1488 0 0 1488 1488 1488
0 0 1488 0 0 0 0 0 0 1488 1488 0 0 0 0 1488 1488 1488 0 1488 0 0 1488 0 0 0 0 0 0 1488 0 0 1488 0 0
1488 1488 1488 0 1488 0 0 1488 0 0 0 0 1488 1488 0 0 0 0 0 0 1488 1488 1488 0 1488 0 0 1488 0 0 1488 0 0 1488
0 0 1488 0 0 0 0 1488 1488 1280 1488 1380 1488 1488 1380 1380 1488 1488 1488 1488 1508 1360 1500 1368 0 1500 1500 1500 1500 1368 1500
1508 1360 1500 1368 1500 1368 1368 1508 1368 1500 1488 1380 0 1488 1488 1488 1488 1488 1488 1488 1380 1380 1488 1380 1488 1380 1488 1380 1488 1380 1488
1508 1360 1500 1637 1368 1167 1500 1500 1368 1500 1508 1360 1500 1368 0 1500 1500 1500 1500 1368 1500 1500 1500 1508 1360 1500 1368 0
1500 1500 1500 1500 1368 1368 1508 1360 1500 1368 0 1500 1500 1500 1500 1500 1500 1368 1488 1488 1368 1500 1500 1508 1368 1488 1380 0 1488 1488 1488
1488 1488 1488 1508 1360 1500 1661 1488 1488 1488 1368 1167 1368 1500 1500 1500 1500 1380 1368 1508 1360 1500 1772 1368 880 1368 1500 1500 1368
1488 1488 1508 1368 1488 1380 0 1488 1488 1488 1488 1488 1488 1488 1488 1488 1380 1508 1380 1368 1488 1654 1380 992 0 0 0 1488 1488 1488
1488 0 0 0 0 0 0 0 0 1488 0 0 0 1488 1488 1488 1488 1488 1488 1488 0 0 0 0 0 0 0 0 0 0 0 0 0 1488 1488 1488 1488 1488
1488 1488 0 0 0 0 0 0 0 0 0 0 0 0 1488 1488 1488 1488 1488 1488 0 1488 0 0 0 0 1488 0 0 1488 1488 0 0 0 0 0 0 1488 1488
1488 0 1488 0 0 0 0 1488 0 0 0 0 1488 0 0 0 0 1488 1488 1488 1488 0 1488 0 0 1488 0 0 0 0 0 0 1488 0 0
0 0 1488 1488 1488 1488 0 0 0 1488 0 0 1488 0 0 0 0 1488 1488 0 0 0 0 1488 1488 1488 0 0 1488 0 0 1488 0 0 1488
0 0 1488 0 0 0 0 1488 1488 0 1488 0 0 1488 0 0 1488 0 0 0 0 0 0 0 0 1488 1488 1488 1488 0 1488 0 0 1488 0 0
1488 0 0 0 0 0 0 0 0 1488 1488 1488 1488 0 0 0 1488 0 0 1488 0 0 0 0 0 0 1488 1488 0 0 1488 1488 1488 1280 1488 1380
1488 1488 1380 1380 1488 1488 1488 1488 1508 1360 1500 1368 0 1500 1500 1500 1500 1368 1500 1508 1360 1500 1368 1500 1368 1368 1508 1500 1368
1508 1360 1500 1637 1368 1167 1500 1500 1368 1500 1508 1360 1500 1368 0 1500 1500 1500 1500 1368 1500 1500 1500 1508 1360 1500 1368 0
1500 1500 1500 1500 1368 1368 1508 1360 1500 1368 0 1500 1500 1500 1500 1500 1500 1368 1488 1488 1368 1508 1360 1500 1661 1500 1500 1508 1368 1488
1368 1167 1368 1500 1500 1380 0 1488 1488 1488 1488 1488 1488 1500 1488 1488 1488 1368 1500 1380 1508 1360 1500 1766 1368 880 1368
1500 1500 1368 1508 1368 1488 1654 1380 992 0 0 0 1488 1488 1488 1488 0 0 0 0 0 0 0 1488 0 1488 1488 0 0 0 1488
1488 1488 1488 1488 0 0 0 0 0 1488 0 1488 0 0 0 0 0 0 0 1488 1488 0 0 0 0 1488 1488 1488 0 0 1488 1488 0 0 0 0 0 0
0 0 0 1488 1488 1488 1488 0 0 1488 0 1488 1488 0 0 1488 0 0 1488 0 0 0 0 0 0 1488 1488 1488 0 1488 0 0 0 1488
0 0 1488 0 0 0 0 1488 0 0 1488 1488 1488 0 1380 1488 0 0 1488 0 0 1488 0 0 1488 0 0 0 0 1488 1488 0 1488
0 0 1488 0 0 1488 0 0 1488 0 0 0 0 1488 1488 0 0 1488 0 0 1488 0 0 1488 0 0 1488 0 0 1488 0 0
1488 0 0 1488 0 0 1488 0 0 1488 0 0 1488 0 0 1488 0 0 1488 0 0 1488 0 0 1488 0 0 1488 0 0
1488 0 0 0 0 1488 1488 0 0 1488 0 0 1488 0 0 1488 0 0 1488 0 0 0 0 1488 1488 0 0 1488 0 0 1488 0 1280
1488 1488 1380 1488 1380 1488 1488 1508 1360 1500 1368 0 1500 1500 1500 1500 1368 1500 1508 1360 1500 1368 1500 1368 1368 1508 1500 1368 1488 1380
1508 1360 1500 1637 1368 1167 1500 1500 1368 1500 1508 1360 1500 1368 0 1500 1500 1500 1500 1368 1500 1500 1500 1508 1360 1500 1368 0
1500 1500 1500 1500 1368 1368 1508 1360 1500 1368 0 1500 1500 1500 1500 1500 1500 1368 1488 1488 1368 1508 1500 1500 1508 1368 1488 1360
1500 1661 1380 0 1488 1488 1488 1488 1488 1488 1368 1167 1368 1500 1500 1500 1488 1488 1488 1368 1500 1380 1488 1488 1508 1368
1488 1380 0 1488 1488 1488 1488 1488 1488 1327 1500 1380 1380 1508 1360 1500 1770 1368 880 1368 1500 1500 1368 1508 1368 1488 1654
1380 992 0 0 0 1488 1488 1488 1488 0 0 0 0 0 0 0 0 0 0 0 1488 1488 1488 1488 1488 1488 1488 1488 0 0 0 0 0 1488 1488
0 0 0 0 0 0 0 0 1488 1488 0 0 0 0 1488 1488 1488 0 0 1488 1488 0 0 0 0 0 0 0 0 0 1488 1488 1488 0 0 1488 1488 0 1488
1488 0 0 1488 0 0 0 0 1488 1488 0 0 0 0 1488 1488 0 1488 0 0 0 1488 0 0 0 0 0 0 0 0 1488 1488 1488 1488 1488 0 0
0 1488 0 0 0 0 1488 0 0 1488 0 0 1488 1488 0 1488 1488 0 0 1488 0 0 0 0 1488 0 0 1488 0 0 1488 1488 0 1488
0 0 0 1488 0 0 0 0 0 0 0 0 1488 1488 1488 1488 1488 0 0 0 1488 0 0 1488 0 0 0 0 1488 0 0 1488 1488 0 1488 0 0
1488 0 0 0 0 1488 0 0 0 0 1488 1488 1488 0 0 1488 0 0 1488 0 0 1488 0 0 0 0 0 0 1488 1488 1488 0 0
1488 0 0 1488 0 0 1488 0 1280 1488 1488 1380 1488 1380 1380 1488 1488 1488 1380 1380 1488 1488 1488 1488 1508 1360 1500 1368 0 1500 1500
1508 1360 1500 1637 1368 1167 1500 1500 1368 1500 1508 1360 1500 1368 0 1500 1500 1500 1500 1368 1500 1500 1500 1508 1360 1500 1368 0
1500 1500 1500 1500 1368 1368 1508 1360 1500 1368 0 1500 1500 1500 1500 1500 1500 1368 1488 1488 1368 1500 1500 1508 1360 1500 1661 1508 1368 1488 1380
1368 1167 1368 1500 1500 0 1488 1488 1488 1488 1488 1488 1368 1380 1488 1488 1488 1500 1380 1508 1360 1500 1764 1368 880 1500 1368 1500 1368
1508 1368 1488 1654 1380 992 0 0 0 1488 1488 1488 1488 0 0 0 0 0 0 0 0 0 0 0 1488 1488 1488 1488 1488 1488 1488 1488
0 0 0 0 0 0 0 0 0 0 0 0 0 1488 1488 1488 1488 1488 1488 1488 0 0 0 0 0 0 0 0 0 0 1488 1488 0 0 1488 1488 1488 1488 0 1488
0 0 1488 0 0 1488 0 0 0 0 0 0 0 0 1488 1488 1488 1488 0 1488 0 0 1488 0 0 0 0 0 0 0 0 0 0 1488 1488 1488 1488
1488 0 0 0 1488 0 0 1488 0 0 0 0 0 0 0 0 1488 1488 1488 1488 1488 0 0 1488 0 0 1488 0 0 0 0 0 0 1488 1488
0 0 1488 1488 0 1488 0 0 1488 0 0 1488 0 0 1488 0 0 0 0 0 0 1488 1488 1488 0 1380 1488 1488 0 0 1488 0 0 1488
0 0 1488 0 0 0 0 0 0 1488 1488 1488 0 0 0 1488 0 0 1488 0 0 1488 0 0 1488 0 0 0 0 1488 1488 1488 0 0
1488 0 0 1488 0 0 1488 0 0 1488 0 0 0 0 1488 1488 0 1488 1280 1488 1380 1488 1380 1488 1488 1508 1360 1500 1368 0 1500 1500
1500 1500 1368 1500 1508 1360 1500 1368 1500 1368 1368 1337 1512 1508 1500 1368 1488 1380 0 1488 1488 1488 1488 1488 1488 1488 1380 1380 1488
1508 1368 1488 1380 1488 1488 1488 1488 1380 1380 1380 1380 1488 1380 1488 1380 1488 1380 1488 1380 1488 1380 1488 1380 1488 1380 1488 1380 1488 1380 1488 1380 1488 1380
1508 1360 1500 1637 1368 1167 1500 1500 1368 1500 1508 1360 1500 1368 0 1500 1500 1500 1500 1368 1500 1500 1500 1508 1360 1500 1368 0
1500 1500 1500 1500 1368 1368 1508 1360 1500 1368 0 1500 1500 1500 1500 1368 1500 1500 1368 1488 1488 1508 1360 1500 1500 1500 1661 1508
1368 1488 1380 0 1488 1488 1488 1488 1488 1488 1368 1167 1368 1500 1500 1500 1488 1488 1488 1368 1500 1380 1508 1360 1500 1764 1368 880
1368 1500 1500 1368 1508 1368 1488 1654 1380 992 0 0 0 1488 1488 1488 1488 0 0 0 0 0 1488 0 0 0 0 0 0 1488 1488
1488 1488 1488 1488 1488 0 0 0 0 0 0 0 1488 1488 0 0 0 0 0 0 1488 1488 0 0 0 0 1488 1488 1488 0 0 1488 1488 0 0 0 0
0 0 0 0 0 1488 1488 1488 1488 0 0 1488 1488 0 1488 0 0 1488 0 0 0 0 1488 1488 0 0 0 0 1488 1488 0 1488 0 0 0 1488 0 0
0 0 0 0 0 0 1488 1488 1488 1488 1488 1380 1488 0 0 0 1488 0 0 0 0 1488 0 0 0 0 1488 1488 1488 0 1488 0 0 1488 0 0
1488 0 0 0 0 0 0 1488 1488 1488 0 0 1488 0 0 1488 0 0 1488 0 0 0 0 0 0 1488 1488 1488 0 0 1488 0 0
1488 0 0 1488 0 0 1488 0 0 0 0 1488 1488 0 0 1488 0 0 1488 0 0 1488 0 0 0 0 0 0 1488 1488 1488 0 0
1488 0 0 1488 0 0 1488 0 0 1488 0 0 0 0 1488 1488 0 0 1488 0 0 1488 0 1280 1488 1488 1380 1488 1380 1488 1488 1508
1360 1500 1368 0 1500 1500 1500 1500 1368 1500 1488 1508 1360 1500 1368 1500 1368 1368 1508 1500 1368 1488 1380 0 1488 1488 1488 1488 1488 1488 1488
1508 1360 1500 1637 1368 1167 1500 1500 1368 1500 1508 1360 1500 1368 0 1500 1500 1500 1500 1368 1500 1500 1500 1508 1360 1500 1368 0
1500 1500 1500 1500 1368 1368 1508 1360 1500 1368 0 1500 1500 1500 1500 1368 1508 1500 1500 1500 1500 1368 1488 1488 1360 1500 1661 1508
1368 1488 1380 0 1488 1488 1488 1488 1488 1488 1368 1167 1368 1500 1500 1327 1500 1500 1380 1368 1488 1488 1508 1368 1488 1380 0 1488 1488 1488
1488 1488 1488 1327 1500 1380 1380 1508 1360 1500 1768 1368 880 1368 1500 1500 1368 1508 1368 1488 1654 1380 992 0 0
0 1488 1488 1488 1488 992 0 0 0 0 0 1500 1488 1488 1488 1488 1488 0 0 0 1488 0 0 0 1488 1488 0 0 1488 0 0 0 0
1488 1488 0 0 1488 0 0 0 0 0 1488 1488 1488 0 0 1488 0 0 0 0 1488 1488 0 1488 0 0 0 0 0 0 1488 1488 1488 0 0 1488
0 0 1488 0 0 1488 0 0 1488 0 0 1488 0 0 1488 0 0 1488 0 0 1488 0 0 1488 0 0 0 1488 0 288
1488 1488 0 0 1488 0 0 1488 0 0 1488 0 0 0 1488 0 0 1488 1488 0 0 1488 0 0 1488 0 0 0 1488 0 0 1488 0 1488
0 0 1488 0 0 1488 0 0 1488 0 0 1488 0 0 1488 0 0 1488 1380 0 0 1488 1488 0 0 1488 0 0 0 1488 0 0 1488 1380
1488 0 0 1488 1488 0 0 1488 0 0 1488 0 0 1488 0 0 1488 0 0 1488 0 1488 0 0 1488 0 0 1488 0 0 1488
0 0 0 1488 0 0 1488 1488 0 0 0 1488 0 0 1488 0 0 1488 0 0 1488 0 0 1488 1488 0 0 992 1488 1488 1380 1488 1488 1380
1380 1488 1488 1488 1488 1508 1360 1500 1368 0 1500 1500 1500 1500 1368 1500 1508 1360 1500 1368 1500 1368 1368 1508 1500 1368 1488 1380 0 1488
1508 1360 1500 1637 1368 1167 1500 1500 1368 1500 1508 1360 1500 1368 0 1500 1500 1500 1500 1368 1500 1500 1500 1508 1360 1500 1368 0
1500 1500 1500 1500 1368 1368 1508 1360 1500 1368 0 1500 1500 1500 1500 1500 1500 1368 1488 1488 1368 1500 1500 1508 1508 1368 1488 1360
1500 1661 1380 0 1488 1488 1488 1488 1488 1488 1327 1500 1368 1167 1368 1500 1500 1500 1500 1380 1368 1508 1360 1500 1772 1368 880 1368
1500 1500 1368 1508 1368 1488 1654 1380 992 0 0 0 1488 1488 1488 1488 0 0 0 0 0 0 0 0 0 0 0 1488 1488 1488 1488 1488
1488 1488 1488 0 0 0 0 0 1488 0 1488 0 1488 0 0 0 0 1488 0 0 1488 1488 1488 0 0 0 0 1488 0 0 1488 0 1488 0 0
1488 0 0 0 1488 1488 0 1488 0 0 1488 0 0 0 0 0 0 0 1488 0 0 0 1488 1488 1488 1488 0 1488 0 0 1488 0 0 0 0
0 1488 0 0 0 1488 0 0 1488 1488 1488 0 0 0 1488 0 0 1488 0 0 1488 0 0 0 0 1488 0 0 1488 1488 1488 1380 1488 0 0
1488 0 0 0 1488 0 1488 0 0 0 0 1488 0 0 1488 1488 0 1488 0 0 1488 0 0 0 0 1488 1488 0 0 0 0 1488 0 0 1488 1488
0 1488 0 0 1488 0 0 0 0 1488 1488 0 0 1488 0 0 0 0 1488 1488 0 0 0 1488 0 0 0 1488 0 1488 0 0 1488 0 0 0 0
1488 1488 1488 0 0 1488 0 0 0 0 1488 1488 0 0 1488 0 0 0 0 1488 1488 0 1488 1280 1488 1380 1488 1380 1488 1488 1508 1360 1500 1368
0 1500 1500 1500 1500 1368 1500 1488 1508 1360 1500 1368 1500 1368 1368 1508 1500 1368 1488 1380 0 1488 1488 1488 1488 1488 1488 1488 1380 1380
1488 1508 1368 1488 1380 1488 1488 1488 1488 1380 1380 1380 1380 1488 1380 1488 1380 1488 1380 1488 1380 1488 1380 1488 1380 1488 1380 1488 1380 1488 1380 1488 1380
1508 1360 1500 1637 1368 1167 1500 1500 1368 1500 1508 1360 1500 1368 0 1500 1500 1500 1500 1368 1500 1500 1500 1508 1360 1500 1368 0
1500 1500 1500 1500 1368 1368 1508 1360 1500 1368 0 1500 1500 1500 1500 1500 1500 1368 1488 1488 1368 1500 1500 1508 1368 1488 1508 1380
0 1488 1488 1488 1488 1371 1488 1488 1500 1360 1500 1661 1488 1488 1488 1500 1380 1368 1167 1368 1500 1500 1368 1488 1508
1368 1488 1380 0 1488 1488 1488 1488 1488 1488 1327 1500 1380 1380 1508 1360 1500 1760 1368 880 1368 1500 1500 1368 1508 1368 1488
1654 1380 992 0 0 0 1488 1488 1488 1488 0 0 1488 1488 0 0 0 0 0 0 0 0 0 1488 1488 1488 1488 1488 1488 0 0 0 0 1488 1488
0 0 0 1488 0 0 1488 0 0 0 0 1488 1488 1488 0 0 0 0 1488 1488 0 0 1488 0 0 0 1488 0 0 0 1488 1488 0 1488 0 0
0 0 1488 1488 0 0 1488 0 0 0 0 0 0 1488 1488 1488 0 1488 0 0 0 0 1488 1488 0 0 1488 0 0 1488 0 0 1488 0 0
1488 0 0 0 0 0 1488 0 0 1488 1488 0 0 1488 0 0 1488 0 0 1488 1488 0 0 0 0 0 0 1488 1488 1488 0 0 1488 0 0
1488 0 0 1488 0 1488 0 0 1488 0 0 1488 0 0 1488 0 0 1488 0 0 0 1488 0 1488 0 1488 0 0 1488 0 0 0 0
0 0 1488 1488 1488 0 0 1488 0 0 1488 0 1488 0 0 1488 0 0 0 0 1488 0 0 0 0 1488 1488 0 0 1488 1488 0 0 0 1488
0 0 1488 0 0 0 0 0 0 1488 0 0 1488 1488 1488 1488 1280 1488 1380 1488 1380 1488 1488 1380 1380 1488 1488 1488 1488 1508 1360 1500 1368
0 1500 1500 1500 1500 1368 1500 1508 1360 1500 1368 1500 1368 1368 1508 1500 1368 1488 1380 0 1488 1488 1488 1488 1488 1488 1488 1380 1380 1488 1380
1508 1360 1500 1637 1368 1167 1500 1500 1368 1500 1508 1360 1500 1368 0 1500 1500 1500 1500 1368 1500 1500 1500 1508 1360 1500 1368 0
1500 1500 1500 1500 1368 1368 1508 1360 1500 1368 0 1500 1500 1500 1500 1500 1500 1368 1488 1488 1368 1508 1368 1488 1500 1380 0 1488
1488 1488 1488 1488 1488 1327 1500 1500 1380 1508 1360 1500 1661 1368 1167 1368 1500 1500 1368 1488 1488 1508 1368 1488 1380 0 1488 1488 1488 1488 1488
1488 1327 1500 1380 1380 1508 1360 1500 1762 1368 880 1368 1500 1500 1368 1508 1368 1488 1654 1380 992 0 0 0 1488
1488 1488 1488 0 0 0 0 0 0 0 0 0 0 0 1488 1488 1488 1488 1488 1488 1488 1488 0 0 0 0 0 0 1488 0 0 0 0 0 0 1488
0 1488 1488 1488 1488 1488 0 0 1488 0 0 0 0 1488 1488 0 0 0 0 0 0 1488 1488 1488 0 1488 0 0 1488 0 0 0 0 1488 1488 0 0
1488 0 0 0 0 1488 1488 0 1488 0 0 1488 0 0 0 0 1488 1488 0 0 1488 0 0 0 0 1488 1488 0 0 0 1488 0 0 0 0 1488
0 0 1488 1488 0 0 0 0 1488 1488 1488 0 0 1488 0 0 1488 0 0 0 0 1488 0 0 1488 0 0 1488 1488 0 1488 0 0 1488
0 0 1488 0 0 0 0 0 0 0 0 1488 1488 1488 1488 0 1488 0 0 1488 0 0 1488 0 0 1488 0 0 0 0 0 0 1488 1488 1488
0 0 0 1488 0 0 1488 0 0 1488 0 0 0 0 0 0 1488 1488 1488 1488 0 0 1488 0 0 1488 0 0 0 0 0 0 1488 0 0
1488 1488 1488 0 1488 1280 1488 1380 1488 1380 1380 1488 1488 1488 1380 1380 1488 1488 1488 1488 1508 1360 1500 1368 0 1500 1500 1500 1500 1368 1500
1488 1508 1360 1500 1368 1500 1368 1368 1508 1500 1368 1488 1380 0 1488 1488 1488 1488 1488 1488 1488 1488 1380 1380 1488 1380 1488 1380 1488 1380 1488 1380 1488
1508 1360 1500 1637 1368 1167 1500 1500 1368 1500 1508 1360 1500 1368 0 1500 1500 1500 1500 1368 1500 1500 1500 1508 1360 1500 1368 0
1500 1500 1500 1500 1368 1368 1508 1360 1500 1368 0 1500 1500 1500 1500 1500 1500 1368 1488 1488 1368 1508 1360 1500 1661 1500 1500 1508 1368 1488 1380
0 1488 1488 1488 1488 1488 1488 1368 1167 1368 1500 1500 1500 1368 1488 1488 1488 1500 1380 1508 1360 1500 1772 1368 1488 1488 1508 1368 1488 1380
0 1488 1488 1488 1488 1488 1488 880 1368 1500 1500 1368 1327 1500 1380 1380 1508 1368 1488 1654 1380 992 0 0 0 1488
1488 1488 1488 0 0 0 0 0 0 0 0 0 0 0 1488 1488 1488 1488 1488 1488 1488 1488 0 0 0 0 0 0 1488 1488 0 0 0 0 0 0 0 1488
1488 0 0 0 0 1488 1488 1488 0 0 1488 1488 0 0 0 0 0 0 0 0 0 1488 1488 1488 1488 0 0 1488 0 1488 0 0 0 0 1488 1488
0 0 1488 0 0 1488 0 0 1488 0 0 1488 0 0 0 0 0 0 1488 1488 0 1488 0 1488 0 0 1488 0 0 1488 0 0 0 0
0 0 1488 0 0 1488 1488 1488 0 0 1488 0 0 1488 0 0 1488 0 0 0 0 1488 1488 0 0 1488 0 0 1488 0 0 1488
0 0 1488 0 0 0 0 0 0 1488 1488 1488 0 0 1488 0 0 1488 0 0 1488 0 0 0 1488 0 0 0 1488 1488 0 0 1488
0 0 1488 0 0 1488 0 0 1488 0 0 0 0 1488 0 0 1488 1488 0 0 1488 0 0 0 0 0 0 1488 1488 1488 0 0 0 0
1488 1488 0 0 1488 0 1280 1488 1488 1380 1488 1488 1380 1380 1488 1488 1488 1488 1508 1360 1500 1368 0 1500 1500 1500 1500 1368 1500 1508
1508 1360 1500 1637 1368 1167 1500 1500 1368 1500 1508 1360 1500 1368 0 1500 1500 1500 1500 1368 1500 1500 1500 1508 1360 1500 1368 0
1500 1500 1500 1500 1368 1368 1508 1360 1500 1368 0 1500 1500 1500 1500 1500 1500 1368 1488 1488 1368 1500 1500 1508 1368 1488 1380 0 1488 1488 1488
1488 1488 1488 1508 1360 1500 1661 1368 1167 1368 1500 1500 1488 1488 1488 1500 1500 1380 1368 1488 1488 1488 1488 1508 1368 1488 1380 0 1488 1488 1488
1488 1488 1488 1488 1488 1488 1380 1508 1360 1500 1762 1368 1380 880 1368 1500 1500 1368 1508 1368 1488 1654 1380 992 0 0 0 1488
1488 1488 1488 0 0 0 0 0 0 0 0 0 0 0 1488 1488 1488 1488 1488 1488 1488 1488 0 0 0 0 0 0 0 1488 1488 1488 0 0 0 0 0 0
1488 1488 1488 1488 0 0 0 0 0 0 1488 1488 1488 0 0 1488 0 0 1488 0 0 1488 0 1488 0 0 1488 0 0 0 0 0 0 1488 1488
1488 0 0 1488 0 0 1488 0 1488 0 0 1488 0 0 0 0 1488 0 0 1488 0 0 0 0 1488 1488 1488 0 1488 0 0 1488
0 0 0 0 0 0 0 0 0 0 1488 1488 1488 1488 1488 0 0 0 1488 0 0 1488 0 0 0 0 0 0 1488 0 0 1488 1488 1488 1488 0 0
1488 0 0 1488 0 0 0 0 0 0 1488 0 0 1488 1488 1488 0 1488 0 0 1488 0 0 1488 0 0 1488 0 0 1488 0 0
0 0 1488 1488 0 1488 0 0 1488 0 0 1488 0 0 1488 0 0 1488 0 0 0 0 1488 1488 0 0 0 1488 0 0 1488 0 0 1488
0 0 1488 0 0 0 0 1488 1488 1488 1280 1488 1380 1380 1488 1488 1488 1380 1380 1488 1488 1488 1488 1508 1360 1500 1368 0 1500 1500 1500 1500
1368 1500 1508 1360 1500 1368 1500 1368 1368 1508 1500 1368 1488 1380 0 1488 1488 1488 1488 1488 1488 1488 1380 1380 1488 1380 1488 1380 1488 1380 1488 1380
1508 1360 1500 1637 1368 1167 1500 1500 1368 1500 1508 1360 1500 1368 0 1500 1500 1500 1500 1368 1500 1500 1500 1508 1360 1500 1368 0
1500 1500 1500 1500 1368 1368 1508 1360 1500 1368 0 1500 1500 1500 1500 1500 1500 1368 1488 1488 1368 1508 1360 1500 1661 1368 1167 1368 1500 1500
1500 1500 1508 1368 1488 1380 0 1488 1488 1488 1488 1488 1488 1500 1368 1488 1488 1488 1500 1380 1508 1360 1500 1764 1368 1488 1488 1508 1368 1488 1380
0 1488 1488 1488 1488 1488 1488 880 1368 1500 1500 1500 1368 1327 1500 1380 1380 1508 1368 1488 1654 1380 992 0 0 0 1488
1488 1488 1488 0 0 0 0 0 0 0 0 0 0 0 1488 1488 1488 1488 1488 1488 1488 1488 0 0 0 1488 0 1488 0 0 0 0 0 0 0 0 0 1488
1488 0 0 0 0 1488 1488 1488 0 0 1488 1488 0 0 0 0 0 0 1488 0 0 0 1488 1488 1488 0 0 1488 0 1488 0 0 0 0 1488
0 0 0 0 1488 1488 1488 0 0 1488 0 0 1488 0 0 1488 0 0 1488 0 0 0 0 0 0 1488 1488 1488 0 0 1488 0 0
1488 0 0 1488 0 0 0 0 0 0 1488 1488 1488 0 0 1488 0 0 0 0 1488 1488 0 0 0 0 0 0 1488 1488 1488 0 0 1488
0 0 0 0 1488 1488 0 0 0 0 0 0 1488 1488 1488 0 0 1488 0 0 0 0 1488 1488 0 0 1488 0 0 0 0 1488 1488 0 0 1488
0 0 0 0 1488 1488 0 0 1488 0 0 0 0 1488 1488 0 0 1488 0 0 0 0 1488 1488 0 0 1488 0 0 0 0 1488 1488 0 0 1488 0
1280 1488 1488 1380 1488 1488 1380 1380 1488 1488 1488 1488 1508 1360 1500 1368 0 1500 1500 1500 1500 1368 1500 1508 1360 1500 1368 1500 1368
1508 1360 1500 1637 1368 1167 1500 1500 1368 1500 1508 1360 1500 1368 0 1500 1500 1500 1500 1368 1500 1500 1500 1508 1360 1500 1368 0
1500 1500 1500 1500 1368 1368 1508 1360 1500 1368 0 1500 1500 1500 1500 1500 1500 1368 1488 1488 1368 1500 1500 1508 1368 1488 1380 0 1488 1488 1488
1488 1488 1488 1508 1488 1488 1488 1360 1500 1661 1500 1380 1368 1167 1368 1500 1500 1500 1368 1488 1488 1508 1368 1488 1508 1360 1500
1760 1368 1380 0 1488 1488 1488 1488 1488 1488 1327 1500 880 1500 1368 1500 1380 1500 1368 1380 1508 1368 1488 1654 1380
992 0 0 0 1488 1488 1488 1488 0 0 0 0 0 0 0 0 0 0 0 1488 1488 1488 1488 1488 1488 1488 1488 0 0 0 0 0 1488 0 0 0 0
0 1488 0 1488 0 0 1488 1488 1488 1488 0 0 1488 0 0 0 0 0 0 1488 0 0 0 0 1488 1488 1488 1488 0 1488 0 0 1488 0 0 1488
0 0 0 0 1488 1488 0 0 0 0 1488 1488 0 1488 0 0 1488 0 0 1488 0 0 0 0 1488 1488 0 0 0 0 1488 1488 0 0 0 1488 0 0
1488 0 0 0 0 1488 1488 0 0 1488 0 0 1488 1488 0 0 0 0 1488 1488 0 0 0 0 1488 1488 0 0 1488 0 0 1488 0 1488 0 0
0 0 0 0 1488 1488 0 0 1488 1488 0 0 1488 0 0 1488 0 1488 0 0 0 0 0 0 0 0 1488 0 0 1488 1488 0 1488 0 1488 1488
0 0 0 1488 0 0 1488 0 0 0 0 0 0 1488 0 0 1488 1488 1488 1488 0 0 0 0 1488 0 0 1488 0 0 1488 0 0 1488
0 0 1488 1488 0 1488 1280 1488 1380 1488 1488 1380 1380 1488 1488 1488 1488 1508 1360 1500 1368 0 1500 1500 1500 1500 1368 1500 1508 1360
1508 1360 1500 1637 1368 1167 1500 1500 1368 1500 1508 1360 1500 1368 0 1500 1500 1500 1500 1368 1500 1500 1500 1508 1360 1500 1368 0
1500 1500 1500 1500 1368 1368 1508 1360 1500 1368 0 1500 1500 1500 1500 1500 1500 1368 1488 1488 1368 1500 1500 1508 1368 1488 1380 0 1488 1488 1488
1488 1488 1488 1508 1488 1488 1488 1500 1360 1500 1661 1380 1368 1167 1368 1500 1500 1368 1508 1360 1500 1766 1368 1488 1488 1508
1368 1488 1380 0 1488 1488 1488 1488 1488 1488 880 1368 1500 1500 1368 1327 1500 1380 1380 1508 1368 1488 1654 1380 992
0 0 0 1488 1488 1488 1488 0 0 0 0 0 0 0 0 1488 0 0 0 1488 1488 1488 1488 1488 1488 1488 0 0 0 0 0 1488 0 1488 1488 0 0
0 0 0 0 0 1488 1488 1488 1488 0 0 0 0 0 0 1488 1488 1488 0 0 0 0 1488 0 0 1488 1488 0 1488 0 0 0 0 1488 0 0
1488 1488 0 0 1488 0 0 0 0 1488 1488 0 1488 0 0 0 0 0 0 1488 1488 1488 0 0 1488 0 0 0 0 1488 1488 0 0 0 0 0 0
0 0 0 1488 0 0 0 0 1488 1488 1488 1488 1488 1488 0 0 1488 0 0 0 0 0 0 0 0 0 0 1488 1488 1488 1488 1488 0 1488 0 0 0 0
0 0 1488 0 0 1488 0 0 0 0 1488 1488 1488 1488 0 1488 0 0 0 0 1488 1488 0 0 0 0 0 0 0 0 1488 1488 1488 1488 0 0 0 0
0 1488 1488 0 0 0 0 1488 0 0 1488 1488 0 0 1488 1488 0 0 0 0 1488 1488 0 0 0 0 0 0 1488 1488 1488 0 0 1488 0 1488
1280 1488 1380 1488 1488 1380 1380 1488 1488 1488 1488 1508 1360 1500 1368 0 1500 1500 1500 1500 1368 1500 1508 1360 1500 1368 1500 1368 1368
1508 1360 1500 1637 1368 1167 1500 1500 1368 1500 1508 1360 1500 1368 0 1500 1500 1500 1500 1368 1500 1500 1500 1508 1360 1500 1368 0
1500 1500 1500 1500 1368 1368 1508 1360 1500 1368 0 1500 1500 1500 1500 1368 771 1500 1500 1368 1488 1488 1500 1500 1508 1368 1488 1380 0 1488
1488 1488 1488 1488 1488 1508 1488 1488 1488 1500 1360 1500 1661 1368 1167 1368 1500 1500 1380 1500 1368 1508 1360 1500 1770 1368 880
1368 1500 1500 1368 1488 1488 1508 1368 1488 1380 0 1488 1488 1488 1488 1488 1488 1327 1500 1380 1380 1508 1368 1488 1654 1380
992 0 0 0 1488 1488 1488 1488 0 0 0 0 0 0 0 0 0 0 0 1488 1488 1488 1488 1488 1488 1488 1488 0 0 0 1488 0 0 0 0 1488 1488
0 0 0 0 1488 0 0 1488 1488 1488 0 0 0 0 1488 0 0 1488 0 0 1488 1488 0 0 0 0 1488 1488 0 1488 0 0 1488 0 0
1488 0 0 0 0 1488 0 0 0 0 1488 1488 1488 0 1488 0 0 1488 0 0 1488 0 0 1488 0 0 0 0 0 0 1488 1488 1488
0 1488 0 0 1488 0 0 1488 0 0 1488 0 0 0 0 0 0 1488 1488 1488 0 0 0 1488 0 0 1488 0 0 1488 0 0 1488
0 0 0 0 1488 1488 1488 0 0 1488 0 0 1488 0 0 1488 0 0 1488 0 0 0 0 1488 1488 0 1488 0 0 1488 0 0 1488
0 0 1488 0 0 1488 0 0 1488 0 0 1488 0 1488 0 0 1488 0 0 1488 0 0 1488 0 0 1488 0 0 1488 0 0
1488 0 1488 0 0 1488 0 0 1488 0 0 1488 0 0 1488 0 0 0 0 1488 1488 1280 1488 1380 1488 1488 1380 1380 1488 1488 1488 1488
1508 1360 1500 1368 0 1500 1500 1500 1500 1368 1500 1508 1360 1500 1368 1500 1368 1368 1508 1500 1368 1488 1380 0 1488 1488 1488 1488 1488 1488 1488
1508 1360 1500 1637 1368 1167 1500 1500 1368 1500 1508 1360 1500 1368 0 287 1500 1500 1500 1512 1500 1368 1500 1500 1500 1508 1360
1500 1368 0 1500 1500 1500 1500 1368 1508 1360 1500 1368 0 1500 1500 1500 1500 1368 1500 1500 1368 1488 1488 1500 1500 1508 1368 1488 1380 0 1488
1488 1488 1488 1488 1488 1508 1488 1488 1488 1500 1380 1360 1500 1661 1368 1167 1368 1500 1500 1368 1508 1360 1500 1758 1368 880
1368 1500 1500 1368 1488 1488 1508 1368 1488 1380 0 1488 1488 1488 1488 1488 1488 1327 1500 1380 1380 1508 1368 1488 1654 1380
992 0 0 0 1488 1488 1488 1488 0 0 0 0 0 0 0 0 0 0 0 1488 1488 1488 1488 1488 1488 1488 1488 0 0 0 0 0 0 1488 0 0
0 0 0 1488 0 0 1488 1488 1488 1488 1488 0 0 1488 0 0 0 0 0 0 1488 0 0 1488 1488 1488 0 0 1488 0 1488 0 0 1488
0 0 0 0 1488 1488 0 0 0 0 0 0 1488 1488 1488 0 1488 0 0 1488 0 0 0 0 1488 0 0 1488 0 0 0 0 1488 1488 1488
0 1488 0 0 1488 0 0 0 0 1488 1488 0 0 1488 0 0 0 0 1488 1488 0 0 0 1488 0 0 0 0 1488 0 0 1488 0 0 1488
0 0 1488 1488 1488 0 0 1488 0 0 1488 0 0 1488 0 0 0 0 1488 0 1488 0 1488 0 1488 0 0 1488 0 0 0 0 1488 1488
0 0 0 0 0 0 1488 1488 1488 0 1488 0 0 1488 0 0 1488 0 0 1488 0 0 0 0 0 0 1488 1488 1488 0 1488 0 0 1488
0 0 1488 0 0 1488 0 0 0 0 0 0 1488 1488 1488 1280 1488 1380 1488 1488 1380 1380 1488 1488 1488 1488 1508 1360 1500 1368 0
1500 1500 1500 1500 1368 1500 1508 1360 1500 1368 1500 1368 1368 1508 1500 1368 1488 1380 0 1488 1488 1488 1488 1488 1488 1488 1380 1380 1488 1380 1488 1380
1508 1360 1500 1637 1368 1167 1500 1500 1368 1500 1508 1360 1500 1368 0 1500 1500 1500 1500 1368 1500 1500 1500 1508 1360 1500 1368 0
1500 1500 1500 1500 1368 1368 1508 1360 1500 1368 0 1500 1500 1500 1500 1500 1500 1368 1488 1488 1368 1508 1500 1500 1508 1368 1488 1380 0 1488
1488 1488 1488 1488 1488 1360 1500 1661 1368 1167 1368 1500 1500 1488 1488 1488 1500 1380 1500 1368 1508 1360 1500 1768 1368 880 1368
1500 1488 1488 1508 1368 1488 1500 1500 1368 1380 0 1488 1488 1488 1488 1488 1488 1327 1500 1380 1380 1508 1368 1488 1654
1380 992 0 0 0 1488 1488 1488 1488 0 0 0 0 0 0 0 0 0 0 0 1488 1488 1488 1488 1488 1488 1488 1488 0 0 0 1488 0 0 0 0
0 0 1488 1488 0 0 0 0 1488 1488 1488 1488 0 0 1488 0 0 1488 0 0 0 0 1488 0 0 1488 0 0 1488 1488 0 1488 0 0 1488
0 0 1488 0 0 1488 0 0 1488 0 0 0 0 1488 1488 0 1488 0 0 1488 0 0 1488 0 0 1488 0 0 1488 0 0 1488
0 0 1488 0 0 0 1488 0 0 1488 0 0 1488 0 0 1488 0 0 1488 0 0 1488 1488 0 0 0 0 1488 1488 0 0 0 0 1488
0 0 0 0 1488 1488 1488 0 1488 0 0 0 0 1488 1488 0 0 1488 0 0 0 0 0 0 1488 1488 1488 0 1488 0 0 0 0 1488 1488 0 0
1488 0 0 0 0 1488 0 0 1488 1488 0 1488 0 0 0 0 1488 1488 0 0 1488 0 0 1488 0 0 0 0 1488 1488 0 0 0 0 0 1488
1488 0 0 1488 0 0 1488 0 0 0 0 1488 1488 1488 1280 1488 1380 1488 1488 1380 1380 1488 1488 1488 1488 1508 1360 1500 1368 0
1500 1500 1500 1500 1368 1500 1488 1368 1488 1508 1360 1500 1368 1500 1368 1368 1508 1368 1500 1488 1380 0 1488 1488 1488 1488 1488 1488 1488

