1448 1448 1448 1574 1588 1440 1580 1814 1448 1242 1580 1580 1448 1580 1588 1440 1580 1717 1448 1247 1580 1588 1440 1580 1908 1448 955
1580 1580 1448 1580 1580 1448 1580 1588 1440 1580 1448 80 1580 1580 1580 1580 1448 1580 1580 1588 1440 1580 1448 1580 1448 1448 1580 1588 1440 1580 1448 1580 1448 1448
1580 1448 1574 1574 1588 1440 1580 1448 1580 1448 1448 1580 1588 1440 1580 1448 1580 1448 1448 1580 1448 1574 1574 1588 1440 1580 1717 1448 1247 1580 1580 1448 1580 1440
1588 1448 755 1580 2203 1448 645 1580 2095 1448 757 1580 3028 3028 2352 1448 1448 1448 556 1580
2138 1448 578 1580 2142 1448 765 1580 1588 1440 1580 1448 80 1580 1580 1580 1580 1448 1580 1580 1580 1588 1440 1580 1448 80 1580 1580
1580 1580 1448 1448 1588 1440 1580 1448 80 1580 1580 1580 1580 1580 1580 1448 1574 1574 2392 1448 1448 1588 1440 1580 1779 607 1580 1448 1242 1580 1580
1580 1580 1588 1448 1574 1460 1574 80 1574 1574 1574 1574 1574 1448 1580 1574 1574 1574 1580 1460 2106 1448 1588 1440 1580 1884 1448 955
1580 1580 1448 1580 1574 1574 1588 1448 1574 1460 1574 80 1574 1574 1574 1574 1574 1574 1407 1580 1460 1460 1588 1448 1574
1772 1460 1091 80 80 80 1574 1574 1574 1574 80 80 80 80 80 80 80 80 80 80 80 1574 1574 1574 1574 1574 1574 1574 1574 1574 1574 1574 80 80 80 80
80 80 80 80 80 80 80 1574 80 80 1574 80 1574 80 80 80 1574 80 80 80 80 1574 80 80 1574 80 80 80 80 80 80 80 80 80 80 1574
80 80 1574 1574 1574 1574 1574 80 1574 80 80 80 80 80 80 80 80 80 80 1574 80 80 80 80 1574 80 80 1574 80 80 80 1574 80 80 80 80
1574 80 1574 1574 1574 1574 1574 1574 1574 80 1574 80 80 80 80 80 80 80 80 80 80 1574 80 80 80 80 80 1574 80 1574 80 1574 80 80 80 80 1574
80 80 1574 80 1574 1574 1574 1574 1574 1574 80 1574 80 80 80 80 80 80 80 1574 80 1574 1574 80 1574 80 80 80 80 80 1574 80 1574 80 80 80 80
1574 80 80 80 1574 80 80 1574 1574 1574 1574 80 80 80 80 80 1574 1574 80 80 80 80 1574 1574 80 80 80 80 80 80 80 80 1574 80 1360 1574 1574
1574 1574 1574 1574 1460 1574 1574 1574 1460 1460 1574 1574 1574 1574 1588 1440 1580 1448 80 1580 1580 1580 1580 1448 1580 1588 1440 1580 1448 1580 1448 1448
1588 1580 1448 1574 1460 1574 80 1574 1574 1574 1574 1574 1574 1574 1460 1580 1448 1460 1574 1460 1574 1460 1574 1460 1574 1460
1588 1440 1580 1814 1448 1242 1580 1580 1448 1580 1588 1440 1580 1717 1588 1440 1580 1884 1448 1448 1247 1580 955 1580 1580 1448 1580 1580 1448
1580 1588 1440 1580 1448 80 1580 1580 1580 1580 1448 1580 1580 1588 1440 1580 1448 1580 1448 1448 1580 1588 1440 1580 1448 1580 1448 1448 1580 1448 1574 1574 1588 1440 1580 1448
1580 1448 1448 1580 1588 1440 1580 1448 1580 1448 1448 1580 1448 1574 1574 1588 1440 1580 1717 1448 1247 1580 1580 1448 1580 1448 1440 1574 1588 1448 755
1580 2203 1448 645 1580 2095 1448 757 1580 3028 3028 2352 1448 1448 1448 556 1580 2138 578 1580
2142 765 1580 1588 1440 1580 1448 80 1580 1580 1580 1580 1448 1580 1580 1580 1588 1440 1580 1448 80 1580 1580 1580 1580 1448 1448 1588 1440 1580 1448
80 1580 1580 1580 1580 1580 1580 1448 1574 1574 2392 1448 1448 1588 1440 1580 1779 1448 1242 1580 1580 607 1580 1580 1580 1588 1448 1574
1460 80 1574 1574 1574 1574 1574 1574 1448 1580 1574 1574 1574 1580 1460 2106 1448 1588 1440 1580 1884 1448 955 1580 1580 1448 1580 1574 1574
1588 1448 1574 1460 1574 80 1574 1574 1574 1574 1574 1574 1407 1580 1460 1460 1588 1448 1574 1772 1460 1091 80 80
80 1574 1574 1574 1574 80 80 80 80 80 80 80 80 1574 80 1574 80 1574 1574 80 1574 1574 1574 1574 1574 1574 1574 80 80 80 80 80 80 80 80 80 80
1574 80 80 1574 80 80 80 80 1574 80 80 80 80 1574 80 80 80 1574 1574 80 80 80 80 80 80 80 80 80 80 1574 80 80 1574 1574
1574 1574 1574 80 1574 80 80 80 80 80 80 80 80 80 80 80 1574 80 80 80 80 1574 80 80 1574 80 80 80 80 1574 80 80 80 1574 1574 1574
1574 1574 1574 1574 1574 80 1574 80 80 80 80 80 80 80 80 80 80 80 1574 80 80 80 1574 80 80 1574 1574 1574 1574 1574 1574 80 80 80 80 80 80 80 80
1574 1574 1574 1574 80 1574 80 80 80 80 80 80 80 80 80 80 1574 80 80 1574 1574 1574 1574 1574 80 80 80 80 80 80 80 80 80 1574 80 80 80 1574
1574 1574 1574 1574 80 80 80 80 80 80 80 1574 80 80 1574 80 80 1574 80 1574 80 1574 1574 80 80 80 80 80 1360 1574 1574 1574 1574 1574
1460 1574 1574 1574 1460 1574 1460 1574 1574 1574 1588 1440 1580 1448 80 1580 1580 1580 1580 1448 1580 1588 1440 1580 1448 1580 1448 1448 1588
1580 1448 1574 1460 80 1574 1574 1574 1574 1574 1574 1574 1574 1460 1580 1448 1460 1574 1460 1574 1460 1574 1460 1574 1460 1574
1448 1574 1588 1440 1580 1814 1448 1242 1580 1580 1448 1580 1588 1440 1580 1717 1448 1247 1580 1588 1440 1580 1882 1448 955 1580 1580 1448
1580 1580 1448 1580 1588 1440 1580 1448 80 1580 1580 1580 1580 1448 1580 1580 1580 1588 1440 1580 1448 1580 1448 1448 1588 1440 1580 1580 1580 1448 1580 1580 1448
1448 1580 1580 1448 1574 1574 1588 1440 1580 1448 1580 1448 1448 1580 1580 1580 1588 1440 1580 1448 1580 1448 1448 1580 1580 1448 1574 1574 1588 1440 1580 1717 1448 1247 1580
1580 1448 1580 1440 1588 1448 755 1580 2203 1448 645 1580 2095 1448 1580 1448 1448 1580 1440 1588 1448 757 1580
3028 3028 2352 1448 1448 1448 557 1580 2138 578 1580 2142 765 1580 1588 1440 1580 1448 80 1580 1580 1580 1580 1448
1580 1580 1580 1588 1440 1580 1448 80 1580 1580 1580 1580 1448 1448 1588 1440 1580 1448 80 1580 1580 1580 1580 1580 1580 1448 1574 1574 2392 1448 1448
1588 1440 1580 1779 607 1580 1580 1580 1588 1448 1574 1460 1574 80 1574 1574 1574 1574 1574 1448 1242 1580 1580 1448 1580 1574 1574 1574
1580 1460 2106 1448 1574 1574 1588 1448 1574 1460 1574 80 1574 1574 1574 1574 1574 1574 1574 1574 1460 1460 1588 1440 1580 1888 1448
955 1580 1580 1448 1580 1588 1448 1574 1772 1460 1091 80 80 80 1574 1574 1574 1574 80 80 80 80 80 80 80 80 80 1574 1574
80 1574 80 1574 1574 1574 1574 1574 1574 1574 1574 80 80 80 80 80 80 80 80 80 80 80 80 1574 80 80 1574 80 80 1574 80 80 80 80 80 1574
80 80 1574 1574 1574 1574 1574 1574 1574 1574 80 80 80 80 80 80 80 80 80 80 80 1574 80 80 1574 80 80 80 80 1574 80 80 1574 80 80 1574
80 80 1574 80 1574 1574 1574 1574 1574 1574 80 80 80 80 80 80 80 80 80 1574 80 80 1574 80 80 1574 80 80 1574 80 80 1574 80 80
1574 80 80 1574 80 80 1574 1574 1574 1574 80 80 1574 1574 80 80 80 80 80 80 80 80 80 80 1574 1574 1574 80 80 80 80 80 80 80 1574 1574
80 1574 80 80 1574 1574 1574 80 80 1574 1574 80 80 1574 80 1574 80 80 80 80 80 80 1574 1574 1574 80 80 80 80 80 80 80 80 80 1574 80 80
80 80 80 1574 80 80 1574 1574 1574 80 1574 80 1574 1574 1574 80 1574 80 80 80 80 80 80 1574 1574 1574 80 80 80 80 80 80 1574 80 80 1574
80 1574 80 80 80 1574 80 80 1574 80 80 1574 80 80 1574 1574 1574 80 1574 80 80 80 1574 80 80 80 1574 1574 80 80 80 80 80 80 80 80
80 1574 80 80 80 80 1574 80 80 80 496 1574 1574 1574 1574 1574 1574 1574 1574 1460 1574 1574 1574 1460 1574 1574 1460 1574 1574 1588 1440 1580 1448
80 1580 1580 1580 1580 1448 1580 1580 1580 1588 1440 1580 1448 1580 1448 1448 1580 1580 1588 1448 1574 1460 1574 80 1574 1574 1574 1574 1574 1574
1588 1440 1580 1814 1448 1242 1580 1580 1448 1580 1588 1440 1580 1717 1448 1247 1580 1588 1440 1580 1882 1448 955 1580 1580 1448 1580 1580 1448
1580 1588 1440 1580 1448 80 1580 1580 1580 1580 1448 1588 1440 1580 1448 1580 1448 1448 1580 1580 1580 1580 1580 1580 1588 1440 1580 1448 1580 1448 1448 1580 1580 1448 1574 1574
1448 1574 1588 1440 1580 1448 1580 1448 1448 1580 1580 1580 1588 1440 1580 1448 1580 1448 1448 1580 1580 1448 1574 1574 1588 1440 1580 1717 1448 1247 1580 1580 1448
1580 1440 1588 1448 755 1580 2203 1448 645 1580 2095 1448 1580 1448 1448 1580 1440 1588 1448 757 1580 3028
3028 2352 1448 1448 1448 556 1580 2138 578 1580 2142 765 1580 1588 1440 1580 1448 80 1580 1580 1580 1580 1448 1580 1580
1580 1588 1440 1580 1448 80 1580 1580 1580 1580 1448 1448 1588 1440 1580 1448 80 1580 1580 1580 1580 1580 1580 1448 1574 1574 2392 1448 1448 1588
607 1580 1440 1580 1779 1448 1242 1580 1580 1580 1580 1588 1448 1574 1460 80 1574 1574 1574 1574 1574 1574 1448 1580 2106 1448 1574 1574
1574 1580 1460 1574 1574 1588 1448 1574 1460 1574 80 1574 1574 1574 1574 1574 1574 1407 1580 1460 1588 1440 1580 1878 1448 1460
955 1580 1580 1448 1580 1588 1448 1574 1772 1460 1091 80 80 80 1574 1574 1574 1574 80 80 80 80 80 80 80 80 80 80 80 1574
1574 1574 1574 1574 1574 1574 1574 1574 1574 1574 80 80 80 80 80 80 80 80 80 80 80 80 1574 80 80 80 80 1574 80 80 1574 80 80 80 80 1574
80 1574 1574 1574 1574 1574 1574 1574 1574 80 80 80 80 80 80 80 80 80 80 80 1574 80 80 80 1574 80 80 1574 80 80 1574 80 80 1574 1574 80 1574
80 80 80 1574 1574 1574 1574 1574 80 1574 80 80 80 80 80 80 80 80 1574 80 80 1574 1574 80 80 1574 80 80 1574 80 80 80 1574 80 1574 80 80
80 1574 80 80 80 1574 1574 1574 1574 80 1574 80 80 80 80 80 80 80 1574 80 80 1574 80 80 1574 80 1574 80 80 1574 80 80 1574 1574 80 80
1574 1574 80 80 80 80 80 80 1574 1574 1574 80 1574 80 80 80 80 80 80 80 1574 80 80 80 1574 1574 80 80 80 80 1574 80 80 1574 1574 80 1574
80 1574 80 80 1574 80 80 1574 80 80 1574 1574 80 80 80 1574 80 80 80 80 80 80 80 80 1574 80 1574 80 80 80 1574 80 1574 80 80 1574
80 1574 80 1574 80 80 1574 80 1574 80 80 1574 1574 1574 80 80 80 80 80 1574 80 1574 80 80 80 80 1574 80 80 80 1574 80 80 80 1574 80 80
80 1574 80 80 80 496 1574 1574 1574 1574 1574 1574 1574 1460 1574 1574 1574 1460 1460 1574 1574 1574 1574 1588 1440 1580 1448 80 1580 1580 1580
1580 1448 1580 1580 1580 1588 1440 1580 1448 1580 1448 1448 1580 1580 1588 1448 1574 1460 1574 80 1574 1574 1574 1574 1574 1574 1415 1580 1580 1460
1588 1440 1580 1814 1448 1242 1580 1580 1448 1580 1588 1440 1580 1717 1448 1247 1580 1588 1440 1580 1884 1448 955 1580 1580 1448 1580 1580 1448
1580 1588 1440 1580 1448 80 1580 1580 1580 1580 1448 1580 1580 1588 1440 1580 1448 1580 1448 1448 1580 1588 1440 1580 1448 1580 1448 1448 1580 1580 1448 1574 1574 1588 1440 1580 1448
1580 1448 1448 1580 1588 1440 1580 1448 1580 1448 1448 1580 1448 1574 1574 1588 1440 1580 1717 1448 1247 1580 1580 1448 1580 1448 1440 1574 1588 1448 755
1580 2203 1448 645 1580 2095 1448 1580 1448 1448 1580 1440 1588 1448 757 1580 3028 3028 2352 1448 1448 1448
556 1580 2138 1448 578 1580 2142 1448 765 1580 1588 1440 1580 1448 80 1580 1580 1580 1580 1448 1580 1580 1580 1588 1440 1580 1448
80 1580 1580 1580 1580 1448 1448 1588 1440 1580 1580 1448 80 1580 1580 1580 1580 1580 1448 1574 1574 2392 1448 1448 1588 1440 1580 1779 1448 1242 1580 1580
607 1580 1580 1580 1588 1448 1574 1448 1580 1460 80 1574 1574 1574 1574 1574 1574 1574 1574 1574 1580 1460 2106 1448 1588 1440 1580 1878 1448
955 1580 1580 1448 1580 1574 1574 1588 1448 1574 1460 1574 80 1574 1574 1574 1574 1574 1574 1407 1580 1460 1460 1588 1448
1574 1772 1460 1091 80 80 80 1574 1574 1574 1574 80 80 80 80 80 80 80 80 80 1574 1574 1574 80 80 1574 1574 1574 1574 1574 1574 1574 1574 80 80
80 80 80 80 80 80 80 1574 80 80 1574 80 80 80 80 1574 80 80 80 1574 1574 1574 80 1574 80 80 80 80 1574 1574 1574 1574 1574 80 80 80 80
80 80 80 80 80 80 1574 80 80 1574 1574 1574 80 80 1574 80 80 80 80 1574 80 80 80 80 80 1574 80 1574 1574 1574 1574 1574 80 80 80 80
80 80 80 1574 1574 1574 80 80 80 80 80 80 80 1574 80 80 1574 80 80 80 1574 1574 80 80 80 80 1574 1574 1574 1574 1574 80 80 80 80 1574
80 80 80 1574 80 80 80 1574 80 80 80 1574 80 80 80 1574 80 80 1574 80 1574 80 80 80 80 80 1574 1574 1574 1574 1574 80 1574 80 80 80 80 80 80
80 1574 80 80 80 1574 1574 80 80 1574 80 80 80 80 1574 1574 80 80 80 80 1574 80 80 80 1574 80 1574 1574 1574 1574 80 1574 80 80 80 80
1574 80 1574 80 80 80 1360 1574 1574 1574 1574 1460 1574 1574 1574 1460 1460 1574 1574 1574 1574 1588 1440 1580 1448 80 1580 1580 1580 1580 1448
1580 1588 1440 1580 1448 1580 1448 1448 1588 1580 1448 1574 1460 1574 80 1574 1574 1574 1574 1574 1574 1574 1460 1580 1448 1460 1574 1460 1574
1588 1440 1580 1814 1448 1242 1580 1580 1448 1580 1588 1440 1580 1717 1448 1247 1580 1588 1440 1580 1884 1448 955 1580 1580 1448 1580 1580 1448
1580 1588 1440 1580 1448 80 1580 1580 1580 1580 1448 1580 1580 1588 1440 1580 1448 1580 1448 1448 1588 1440 1580 1448 1580 1448 1448 1580 1580 1448 1574 1574 1588 1440 1580 1448
1580 1448 1448 1580 1588 1440 1580 1448 1580 1448 1448 1580 1448 1574 1574 1588 1440 1580 1717 1448 1247 1580 1580 1448 1580 1448 1440 1574 1588 1448 755
1580 2203 1448 645 1580 2095 1448 757 1580 3028 3028 2352 1448 1448 556 1580 2138 578 1580 2142
1448 765 1580 1588 1440 1580 1448 80 1580 1580 1580 1580 1448 1580 1580 1580 1588 1440 1580 1448 80 1580 1580 1580 1580 1448 1448 1588 1440 1580 1448
80 1580 1580 1580 1580 1580 1580 1448 1574 1574 2392 1448 1448 1588 1440 1580 1779 607 1580 1448 1242 1580 1580 1580 1580 1588 1448 1574 1448 1580
1460 80 1574 1574 1574 1574 1574 1574 1574 1574 1574 1580 1460 2106 1448 1588 1440 1580 1886 1448 955 1580 1580 1448 1580 1574 1574 1588 1448
1574 1460 1574 80 1574 1574 1574 1574 1574 1574 1407 1580 1460 1460 1588 1448 1574 1772 1460 1091 80 80 80 1574 1574 1574
1574 80 80 80 80 80 80 80 80 80 80 80 1574 1574 1574 1574 1574 1574 1574 1574 1574 1574 1574 80 80 80 80 80 80 80 80 80 80 80 1574 80 80 1574
80 80 80 1574 80 80 80 80 1574 80 80 1574 1574 1574 1574 1574 1574 1574 80 80 80 80 80 80 80 80 80 80 80 1574 80 80 80 1574 80 80 80 1574
80 80 1574 80 80 1574 80 80 80 1574 80 1574 1574 1574 1574 1574 1574 1574 80 80 80 80 80 80 80 80 80 80 1574 80 1574 80 1574 80 80 80 80
1574 80 80 1574 80 80 1574 80 80 1574 1574 80 80 1574 1574 1574 1574 80 1574 80 80 80 80 80 80 1574 80 80 1574 80 80 80 1574 80 80
80 1574 1574 1574 80 80 80 1574 80 80 80 1574 80 80 1574 1574 80 80 1574 1574 80 1574 80 80 1574 80 80 80 80 80 80 1574 1574 1574 80 80 80 80
80 80 80 80 80 1574 80 80 80 80 1574 80 80 1574 80 1574 1574 1574 1574 1574 80 1574 80 80 80 80 1574 80 80 1574 1574 1360 1574 1574 1460
1574 1574 1574 1460 1460 1574 1574 1574 1574 1588 1440 1580 1448 80 1580 1580 1580 1580 1448 1580 1588 1440 1580 1448 1580 1448 1448 1588 1580 1448 1574
1588 1440 1580 1717 1448 1247 1580 1580 1448 1580 1440 1588 1448 755 1580 2203 1448 645 1580 2095 1448 1580 1448 1448 1580
1440 1588 1448 757 1580 3028 3028 2352 1448 1448 1448 557 1580 2138 578 1580 2142 1448 765 1580
1588 1440 1580 1448 80 1580 1580 1580 1580 1448 1580 1580 1580 1588 1440 1580 1448 80 1580 1580 1580 1580 1448 1448 1588 1440 1580 1448 80 1580 1580 1580 1580
1580 1580 1448 1574 1574 2392 1448 1448 1588 607 1580 1580 1580 1588 1448 1574 1460 1574 80 1574 1574 1574 1574 1574 1440 1580 1779
1448 1243 1580 1580 1574 1574 1574 1580 1460 1448 1580 2106 1448 1588 1440 1580 1880 1448 955 1580 1580 1448 1580 1574 1574 1588 1448
1574 1460 80 1574 1574 1574 1574 1574 1574 1574 1407 1580 1460 1460 1588 1448 1574 1772 1460 1091 80 80 80 1574 1574 1574 1574
80 80 80 80 80 80 80 80 80 80 80 1574 1574 1574 1574 1574 1574 1574 1574 1574 1574 1574 80 80 80 80 80 80 80 80 80 80 80 1574 80 80 80 80 1574
80 80 1574 80 80 80 80 80 1574 80 1574 1574 1574 1574 1574 1574 1574 1574 80 80 80 80 80 80 80 80 1574 80 80 1574 1574 80 80 1574 80 80
1574 80 80 80 80 1574 80 80 80 80 1574 80 1574 80 1574 1574 1574 1574 80 1574 80 80 80 80 80 80 1574 1574 1574 80 80 80 80 80 80
80 80 80 80 1574 80 80 80 1574 80 1574 1574 1574 1574 80 80 80 1574 80 1574 1574 80 1574 80 80 80 80 1574 1574 80 80 80 80 80 80 80 80
80 80 1574 80 1574 80 1574 80 1574 80 1574 1574 80 80 1574 1574 80 80 80 80 1574 1574 80 1574 80 80 1574 80 80 1574 80 80 80 80 80 80
80 80 1574 80 80 1574 80 80 1574 80 80 1574 1574 80 80 1574 1574 1574 80 80 80 1574 80 1574 80 80 80 1574 80 80 1574 80 80 80 80
80 80 1574 1574 80 80 80 1574 80 1574 80 80 1574 80 80 1574 80 80 1574 80 80 1574 1574 80 80 1574 1574 80 80 1574 80 80 1574 80 80
80 80 80 80 80 1574 80 1574 1574 1574 80 80 80 80 80 80 80 80 80 1574 80 496 1574 1574 1574 1574 1574 1574 1460 1574 1574 1574 1460 1460
1574 1574 1574 1574 1588 1440 1580 1448 80 1580 1580 1580 1580 1448 1580 1580 1580 1588 1440 1580 1448 1580 1448 1448 1580 1580 1588 1448 1574 1460 1574
80 1574 1574 1574 1574 1574 1580 1574 1415 1580 1448 1580 1460 1460 1574 1460 1574 1574 1460 1460 1574 1460 1574 1574 1460 1460
1448 1448 1448 1448 1448 1448 1448 1574 1588 1440 1580 1717 1448 1247 1580 1580 1448 1580 1440 1588 1448 755 1580
2203 1448 645 1580 2095 1448 757 1580 3028 3028 2352 1448 1448 1448 557 1580 2138 1448 578 1580
2142 1448 765 1580 1588 1440 1580 1448 80 1580 1580 1580 1580 1448 1580 1580 1580 1588 1440 1580 1448 80 1580 1580 1580 1580 1448 1448 1588 1440
1580 1448 80 1580 1580 1580 1580 1580 1580 1448 1574 1574 2392 1448 1448 1588 607 1580 1440 1580 1779 1448 1580 1580 1588 1448 1574
1243 1580 1580 1460 1574 80 1574 1574 1574 1574 1574 2106 1448 1448 1580 1574 1574 1574 1580 1460 1588 1440 1580 1884 1448 955 1580 1580 1448
1580 1574 1574 1588 1448 1574 1460 80 1574 1574 1574 1574 1574 1574 1574 1407 1580 1460 1460 1588 1448 1574 1772 1460 1091
80 80 80 1574 1574 1574 1574 80 80 80 80 80 80 80 80 80 80 1574 80 1574 1574 1574 1574 1574 1574 1574 1574 1574 1574 80 80 80 80 80 1574 80 80
80 80 1574 80 80 1574 80 80 80 80 80 1574 80 80 80 1574 80 80 80 80 1574 1574 1574 1574 1574 1574 1574 80 80 80 80 80 80 80 80 80 80
1574 80 80 80 80 80 1574 80 80 1574 80 80 80 80 1574 80 80 80 1574 1574 1574 1574 1574 1574 1574 1574 80 1574 80 80 80 80 80 80 80 80
80 80 1574 80 1574 80 80 80 80 1574 80 80 1574 80 1574 80 80 80 80 1574 1574 80 80 1574 1574 1574 1574 1574 80 1574 80 80 80 80 1574
80 80 1574 80 80 1574 80 80 80 1574 80 80 80 80 1574 80 80 80 80 1574 80 1574 1574 1574 1574 80 80 80 80 1574 1574 80 1574 80 80
80 80 1574 80 80 1574 1574 80 80 80 80 80 80 80 80 80 1574 80 80 80 1574 80 80 1574 1574 80 80 80 80 1574 1574 1574 1574 1574 80 80 80 1574
80 80 80 80 80 80 80 80 1574 80 80 80 80 1574 80 80 1574 80 80 1574 1574 80 80 80 80 1574 1574 80 80 1574 1574 1574 1574 1574 80 80
1574 80 80 80 80 80 80 80 80 1574 1574 80 80 80 80 1574 80 80 1574 80 1574 80 80 80 1574 1574 80 80 496 1574 1574 1574 1574 1574
1460 1574 1574 1574 1460 1460 1574 1574 1574 1574 1588 1440 1580 1448 80 1580 1580 1580 1580 1448 1588 1440 1580 1580 1580 1448 1580 1580 1448 1448 1580 1580
1588 1448 1574 1460 1574 80 1574 1574 1574 1574 1574 1574 1415 1580 1580 1460 1580 1448 1460 1574 1460 1574 1574 1460 1460 1574
1588 1440 1580 1717 1448 1247 1580 1580 1448 1580 1440 1588 1448 755 1580 2203 1448 645 1580 2095 1448 1580 1448 1448 1580
1440 1588 1448 757 1580 3028 3028 2352 1448 1448 1448 557 1580 2138 1448 578 1580 2142 1448 765
1580 1588 1440 1580 1448 80 1580 1580 1580 1580 1448 1580 1580 1580 1588 1440 1580 1448 80 1580 1580 1580 1580 1448 1448 1588 1440 1580 1448 80 1580 1580
1580 1580 1580 1580 1448 1574 1574 2392 1448 1448 1588 607 1580 1440 1580 1779 1580 1580 1448 1588 1448 1574 1243 1580 1580 1460
80 1574 1574 1574 1574 1574 1574 1448 1580 2106 1448 1574 1574 1574 1580 1460 1588 1440 1580 1892 1448 955 1580 1580 1448 1580 1574 1574 1588
1448 1574 1460 80 1574 1574 1574 1574 1574 1574 1574 1407 1580 1460 1460 1588 1448 1574 1772 1460 1091 80 80 80 1574 1574 1574
1574 80 80 80 80 80 80 80 80 80 80 80 1574 1574 1574 1574 1574 1574 1574 1574 1574 1574 1574 80 80 80 80 80 80 80 80 80 80 80 1574 80 80 80 80
1574 80 80 1574 80 80 80 80 1574 80 80 1574 1574 1574 1574 1574 1574 1574 1574 80 80 80 80 80 80 80 80 80 80 80 1574 80 1574 80 80 80 80
1574 80 80 1574 80 80 80 1574 80 1574 80 80 1574 1574 1574 1574 1574 1574 80 1574 80 80 80 80 80 80 80 80 1574 1574 80 80 80 1574 80 80 80 1574
80 1574 80 80 80 1574 1574 80 80 80 80 80 80 1574 1574 1574 1574 1574 80 1574 80 80 80 80 80 80 80 80 1574 1574 80 80 1574 80 80 80 80
1574 1574 80 80 1574 80 80 80 80 1574 80 80 1574 80 80 1574 1574 1574 1574 80 80 80 80 80 80 80 80 80 1574 1574 1574 80 80 1574 80 80
80 80 80 1574 80 1574 80 80 1574 80 80 80 1574 80 80 80 1574 1574 1574 1574 1574 80 80 80 80 1574 80 80 80 80 80 1574 80 80 80 1574 1574
80 80 80 80 1574 80 80 1574 80 80 1574 80 80 1574 80 80 1574 1574 1574 1574 80 1574 80 80 80 80 1574 80 80 80 80 1574 80 80
1574 80 80 80 1574 80 80 80 1574 80 80 1574 80 80 1574 80 80 496 1574 1574 1574 1574 1574 1574 1460 1574 1574 1574 1460 1460 1574 1574
1574 1574 1588 1440 1580 1448 80 1580 1580 1580 1580 1448 1580 1580 1580 1588 1440 1580 1448 1580 1448 1448 1580 1580 1588 1448 1574 1460 1574 80 1574
1588 1440 1580 1717 1448 1247 1580 1580 1448 1580 1440 1588 1448 755 1580 2203 1448 645 1580 2095 1448 1580 1448 1448 1580
1440 1588 1448 757 1580 3028 3028 2352 1448 1448 1448 557 1580 2138 578 1580 2142 1448 765 1580
1588 1440 1580 1448 80 1580 1580 1580 1580 1448 1580 1580 1580 1588 1440 1580 1448 80 1580 1580 1580 1580 1448 1448 1588 1440 1580 1448 80 1580 1580 1580 1580
1580 1580 1448 1574 1574 2392 1448 1448 1588 1440 1580 1779 607 1580 1448 1243 1580 1580 1580 1580 1588 1448 1574 1460 80 1574 1574 1574 1574 1574
1574 1448 1580 1574 1574 1574 1580 1460 2106 1448 1574 1574 1588 1448 1574 1460 80 1574 1574 1574 1574 1574 1574 1574 1407 1580 1460
1460 1588 1440 1580 1886 1448 955 1580 1580 1448 1580 1588 1448 1574 1772 1460 1091 80 80 80 1574 1574 1574 1574 80 80 80 80
80 80 80 80 80 1574 1574 1574 80 80 1574 1574 1574 1574 1574 1574 1574 1574 80 80 80 80 80 80 80 80 80 80 80 80 1574 80 80 80 1574 80 80 80 1574
80 80 1574 80 80 80 1574 1574 1574 1574 1574 1574 1574 1574 80 80 80 80 80 80 80 80 80 80 80 80 1574 80 1574 80 1574 80 80 1574 80 80
1574 80 80 1574 1574 1574 1574 1574 80 80 80 80 1574 1574 80 1574 80 80 80 80 80 1574 80 1574 80 80 1574 1574 80 80 1574 80 80 1574 80 80
80 80 80 80 1574 80 80 80 80 80 1574 80 1574 1574 1574 1574 80 1574 80 80 80 80 80 80 1574 80 80 80 1574 80 80 80 1574 1574 1574 1574
80 80 80 80 80 80 1574 1574 1574 80 80 80 80 80 80 1574 1574 1574 80 80 80 80 80 80 80 1574 80 80 1574 80 1574 80 80 1574 80 1574
1574 80 80 1574 80 80 80 80 1574 1574 80 80 80 80 80 80 1574 1574 1574 1574 80 80 80 80 80 80 80 80 80 80 1574 80 1574 80 1574 1574 1574
1574 80 80 80 80 80 80 80 80 80 1574 80 80 80 1574 1574 1574 1574 1574 80 1574 80 80 80 80 80 80 80 1574 80 1574 80 80 1574 80 80 1574 1574
1574 80 80 80 80 80 80 1574 80 1574 80 80 80 1574 496 1574 1574 1574 1574 1460 1574 1574 1574 1460 1460 1574 1574 1574 1574 1588 1440 1580 1448
80 1580 1580 1580 1580 1448 1580 1580 1580 1588 1440 1580 1448 1580 1448 1448 1580 1580 1588 1448 1574 1460 1574 80 1574 1574 1574 1574 1574 1574
1588 1440 1580 1814 1448 1242 1580 1580 1448 1580 1588 1440 1580 1717 1448 1247 1580 1588 1440 1580 1878 1448 955 1580 1580 1448 1580 1580 1448
1580 1588 1440 1580 1448 80 1580 1580 1580 1580 1448 1588 1440 1580 1448 1580 1448 1448 1580 1580 1580 1580 1580 1580 1588 1440 1580 1448 1580 1448 1448 1580 1580 1448 1574 1574
1588 1440 1580 1448 1580 1448 1448 1580 1580 1580 1588 1440 1580 1448 1580 1448 1448 1580 1580 1448 1574 1574 1588 1440 1580 1717 1448 1247 1580 1580 1448 1580 1448 1440
1574 1588 1448 755 1580 2203 1448 645 1580 2095 1448 757 1580 3028 3028 2352 1448 1448 1448 556
1580 2138 1448 578 1580 2142 1448 765 1580 1588 1440 1580 1448 80 1580 1580 1580 1580 1448 1580 1580 1580 1588 1440 1580 1448 80
1580 1580 1580 1580 1448 1448 1588 1440 1580 1448 80 1580 1580 1580 1580 1580 1580 1448 1574 1574 2392 1448 1448 1588 1440 1580 1779 1448 1242 1580 1580
607 1580 1580 1580 1588 1448 1574 1448 1580 1460 1574 80 1574 1574 1574 1574 1574 1574 1574 1574 1580 1460 2106 1448 1588 1440 1580 1880
1448 955 1580 1580 1448 1580 1588 1448 1574 1772 1460 1091 80 80 80 1574 1574 1574 1574 80 80 80 80 80 80 80 80 1574 1574
1574 1574 1574 1574 1574 1574 80 80 80 1574 1574 1574 80 80 80 80 80 80 80 80 80 80 80 1574 80 80 80 1574 80 80 80 1574 1574 1574 80 80 80 80 80 80
1574 80 80 80 80 80 80 80 80 80 80 1574 1574 80 80 1574 1574 1574 1574 80 1574 80 80 80 80 80 80 80 80 80 80 1574 80 80 80 80 80 1574
80 80 1574 80 80 80 80 1574 80 80 80 1574 1574 1574 1574 1574 1574 1574 1574 80 1574 80 80 80 80 80 80 80 80 80 80 1574 80 80 80 80
80 1574 80 1574 1574 80 80 80 1574 80 80 1574 80 1574 80 80 1574 1574 1574 1574 1574 80 1574 80 80 80 80 1574 80 80 80 80 1574 80 80
80 80 1574 80 1574 80 80 1574 80 80 80 80 1574 80 1574 1574 80 80 80 80 1574 1574 1574 1574 80 80 80 80 80 80 80 1574 80 1574 80 80
80 1574 80 80 80 80 1574 1574 1574 80 80 1574 80 80 80 1574 80 80 80 1574 1574 1574 80 80 1574 1574 1460 1574 80 80 80 80 80 80 1574
80 80 80 80 80 80 1574 1574 80 1574 80 80 1574 80 1574 80 80 80 80 1574 80 80 1574 1574 1574 80 80 1574 1574 80 1574 80 80 80 80 80 1574
80 80 80 1574 80 496 1574 1574 1574 1574 1460 1574 1574 1460 1574 1574 1588 1440 1580 1448 80 1580 1580 1580 1580 1448 1580 1580 1580 1588 1440 1580 1448
1580 1448 1448 1580 1580 1588 1448 1574 1460 1574 80 1574 1574 1574 1574 1574 1574 1415 1580 1580 1460 1580 1448 1460 1574 1574 1588 1448
1574 1460 1574 1574 1574 1460 1460 1460 1460 1574 1460 1574 1574 1460 1460 1574 1574 1460 1460 1574 1460 1574 1460
1574 1574 1460 1460 1574 1574 1460 1460 1574 1460 1574 1460 1574 1574 1460 1574 1460 1460 1574 1460 1574 1460 1574
1588 1440 1580 1814 1448 1242 1580 1580 1448 1574 1448 1580 1588 1440 1580 1717 1448 1247 1580 1588 1440 1580 1890 1448 955 1580 1580 1448 1580
1580 1448 1580 1588 1440 1580 1448 80 1580 1580 1580 1580 1448 1588 1440 1580 1448 1580 1448 1448 1588 1440 1580 1580 1580 1580 1448 1580 1580 1448 1574 1574 1448
1580 1448 1580 1580 1580 1588 1440 1580 1448 1580 1448 1448 1580 1580 1580 1588 1440 1580 1448 1580 1448 1448 1580 1580 1448 1574 1574 1588 1440 1580 1717 1448 1247 1580
1580 1448 1580 1440 1588 1448 755 1580 2203 1448 645 1580 2095 1448 1580 1448 1448 1580 1440 1588 1448 757 1580
3028 3028 2352 1448 1448 1448 556 1580 2138 578 1580 2142 765 1580 1588 1440 1580 1448 80 1580 1580 1580 1580 1448
1580 1588 1440 1580 1448 80 1580 1580 1580 1580 1448 1448 1588 1440 1580 1448 80 1580 1580 1580 1580 1580 1580 1448 1574 1574 2392 1448 1448 1588 1440 1580
1779 607 1580 1448 1580 1580 1242 1580 1580 1588 1448 1574 1460 80 1574 1574 1574 1574 1574 1574 1448 1580 2106 1448 1574 1574 1574 1580
1460 1574 1574 1588 1448 1574 1460 80 1574 1574 1574 1574 1574 1574 1574 1407 1580 1460 1460 1588 1440 1580 1880 1448 955 1580 1580 1448
1580 1588 1448 1574 1772 1460 1091 80 80 80 1574 1574 1574 1574 80 80 80 80 80 80 80 80 80 1574 80 80 1574 1574 1574 1574 1574 1574
1574 1574 1574 1574 80 80 80 80 80 80 80 80 80 80 80 1574 80 80 1574 80 80 80 80 1574 80 80 80 80 1574 80 80 1574 1574 1574 1574 1574 1574
1574 1574 80 80 80 80 80 80 80 80 80 80 80 1574 80 80 1574 80 80 80 1574 80 80 80 1574 80 1574 80 1574 80 80 80 1574 1574 1574 1574 1574 1574
80 1574 80 80 80 80 80 80 80 80 1574 80 80 1574 80 80 80 80 80 1574 80 1574 80 1574 80 80 80 1574 80 80 1574 80 80 1574 1574 1574 1574
1574 80 1574 80 80 80 80 80 80 80 80 80 80 80 1574 80 1574 80 80 1574 80 80 1574 80 80 1574 80 1574 80 80 80 1574 80 80 1574 1574
1574 1574 1574 80 1574 80 80 80 80 80 80 80 1574 80 1574 80 80 80 1574 80 80 80 1574 80 1574 80 80 80 80 1574 80 1574 80 80 1574 80 80
1574 1574 1574 1574 80 80 80 80 80 80 80 80 80 1574 80 1574 80 1574 80 80 1574 80 80 1574 80 80 80 80 1574 80 80 80 80 80 80 1574 1574
1574 1574 1574 1574 1574 80 80 80 80 80 80 1574 80 1574 80 80 80 1574 80 80 1574 1574 80 80 80 1574 80 80 80 80 80 1574 80 1574 80 496
1574 1574 1574 1574 1574 1460 1574 1574 1574 1460 1460 1574 1574 1574 1574 1588 1440 1580 1448 80 1580 1580 1580 1580 1448 1588 1440 1580 1448 1580 1580 1580
1580 1448 1448 1580 1580 1588 1448 1574 1460 1574 80 1574 1574 1574 1574 1574 1574 1415 1580 1580 1460 1580 1448 1460 1574 1460 1574 1574
1460 1588 1440 1580 1814 1448 1242 1580 1580 1448 1580 1588 1440 1580 1717 1448 1247 1580 1588 1440 1580 1890 1448 955 1580 1580 1448 1580
1580 1448 1580 1588 1440 1580 1448 80 1580 1580 1580 1580 1448 1580 1580 1588 1440 1580 1448 1580 1448 1448 1580 1588 1440 1580 1448 1580 1448 1448 1580 1448 1574 1574 1588 1440
1580 1448 1580 1448 1448 1580 1588 1440 1580 1448 1580 1448 1448 1580 1448 1574 1574 1588 1440 1580 1717 1448 1247 1580 1580 1448 1580 1448 1440 1574 1588 1448
755 1580 2203 1448 645 1580 2095 1448 757 1580 3028 3028 2352 1448 1448 1448 556 1580 2138 1448
578 1580 2142 1448 765 1580 1588 1440 1580 1448 80 1580 1580 1580 1580 1448 1580 1580 1580 1588 1440 1580 1448 80 1580 1580 1580 1580 1448
1448 1588 1440 1580 1448 80 1580 1580 1580 1580 1580 1580 1448 1574 1574 2392 1448 1448 1588 607 1580 1440 1580 1779 1580 1580 1588 1448
1574 1448 1242 1580 1580 1460 1574 80 1574 1574 1574 1574 1574 1448 1580 2106 1448 1574 1574 1574 1580 1460 1588 1440 1580 1878 1448 1574 1574
1588 1448 1574 955 1580 1580 1448 1580 1460 1574 80 1574 1574 1574 1574 1574 1574 1407 1580 1460 1460 1588 1448 1574
1772 1460 1091 80 80 80 1574 1574 1574 1574 80 80 80 80 80 80 80 80 80 80 80 1574 1574 1574 1574 1574 1574 1574 1574 1574 1574 1574 80 80 80 80
80 80 80 80 80 80 80 80 1574 80 80 1574 80 80 80 80 1574 80 80 80 1574 80 80 1574 1574 1574 1574 1574 1574 1574 1574 80 80 80 80 80 80
80 80 80 80 80 1574 80 80 1574 80 80 80 80 1574 80 80 80 1574 80 80 1574 1574 80 80 1574 1574 1574 1574 1574 1574 80 1574 80 80 80 80 80 80
80 80 1574 80 80 1574 80 80 1574 1574 80 80 1574 80 80 80 80 80 1574 80 80 80 1574 80 1574 80 1574 1574 1574 1574 80 1574 80 80 80 80
80 80 1574 1574 80 1574 80 80 80 1574 80 80 80 80 80 80 1574 80 80 1574 1574 1574 80 80 80 80 1574 80 80 1574 1574 1574 80 1574 80 80
80 80 80 80 1574 1574 80 80 1574 80 80 80 80 1574 1574 80 80 1574 80 80 80 80 80 80 1574 80 80 1574 1574 1574 1574 80 80 1574 80 80
80 80 80 1574 80 1360 1574 1574 1574 1574 1460 1574 1574 1574 1460 1574 1574 1460 1574 1574 1588 1440 1580 1448 80 1580 1580 1580 1580 1448 1580
1588 1440 1580 1448 1580 1448 1448 1588 1580 1448 1574 1460 1574 80 1574 1574 1574 1574 1574 1574 1574 1460 1580 1448 1460 1574 1460 1574 1460
1588 1440 1580 1814 1448 1242 1580 1580 1448 1580 1588 1440 1580 1717 1448 1247 1580 1588 1440 1580 1880 1448 955 1580 1580 1448 1580 1580 1448
1580 1588 1440 1580 1448 80 1580 1580 1580 1580 1448 1580 1580 1588 1440 1580 1448 1580 1448 1448 1580 1588 1440 1580 1448 1580 1448 1448 1580 1448 1574 1574 1588 1440 1580 1448
1580 1448 1448 1580 1588 1440 1580 1448 1580 1448 1448 1580 1448 1574 1574 1588 1440 1580 1717 1448 1247 1580 1580 1448 1580 1440 1588 1448 755 1580
2203 1448 645 1580 2095 1448 757 1580 3028 2352 3028 1448 1448 556 1580 2138 1448 578 1580 2142
1448 765 1580 1588 1440 1580 1448 80 1580 1580 1580 1580 1448 1580 1588 1440 1580 1448 80 1580 1580 1580 1580 1448 1448 1580 1588 1440 1580 1448 80
1580 1580 1580 1580 1580 1448 1574 1574 2392 1448 1448 1588 1440 1580 1779 607 1580 1580 1580 1448 1242 1580 1580 1588 1448 1574 1460 80 1574 1574 1574
1574 1574 1574 1448 1580 2106 1448 1574 1574 1574 1580 1460 1588 1440 1580 1882 1448 955 1580 1580 1448 1580 1574 1574 1588 1448 1574
1460 1574 80 1574 1574 1574 1574 1574 1574 1407 1580 1460 1460 1588 1448 1574 1772 1460 1091 80 80 80 1574 1574 1574 1574
80 80 80 80 80 80 80 80 80 1574 1574 80 1574 80 1574 1574 1574 1574 1574 1574 1574 1574 80 80 80 80 80 80 80 80 80 80 1574 80 80 80 1574
80 80 80 1574 80 80 80 80 1574 80 80 80 1574 1574 1574 1574 1574 1574 1574 1574 80 80 80 80 80 80 80 80 80 80 80 1574 80 80 80 80 1574
80 80 80 1574 80 1574 80 80 80 1574 80 1574 80 1574 1574 1574 1574 1574 1574 80 80 80 80 80 80 80 80 80 1574 1574 80 80 1574 80 80 1574
80 80 1574 80 80 80 1574 80 1574 80 80 1574 80 80 1574 1574 80 80 1574 1574 1574 80 80 80 80 80 80 80 1574 80 1574 80 80 80 1574 80 80
80 1574 1574 80 80 80 80 80 80 80 1574 80 1574 1574 1574 80 80 1574 1574 1574 80 1574 80 80 80 80 80 80 80 80 1574 80 80 1574 1574 80 1574
80 1574 80 80 80 80 80 80 1574 80 80 80 80 1574 80 1574 80 1574 1574 1574 1574 80 1574 80 80 80 80 80 80 1574 1574 1360 1574 1574 1574
1460 1574 1574 1574 1460 1460 1574 1574 1574 1574 1588 1440 1580 1448 80 1580 1580 1580 1580 1448 1580 1588 1440 1580 1448 1580 1448 1448 1588 1580 1448
1588 1440 1580 1717 1448 1247 1580 1580 1448 1580 1440 1588 1448 755 1580 2203 1448 645 1580 2095 1448 1580 1448 1448 1580
1440 1588 1448 757 1580 3028 3028 2352 1448 1448 1448 557 1580 2138 578 1580 2142 765 1580 1588 1440
1580 1448 80 1580 1580 1580 1580 1448 1580 1580 1580 1588 1440 1580 1448 80 1580 1580 1580 1580 1448 1448 1588 1440 1580 1448 80 1580 1580 1580 1580 1448
1580 1580 1448 1574 1574 2392 1448 1588 1440 1580 1779 1448 1580 1580 1588 1448 1574 1242 1580 1580 1460 1574 80 1574 1574 1574 1574 1574 1448 1580
1574 1574 1574 607 1580 1580 1460 2106 1448 1574 1574 1588 1448 1574 1460 1574 80 1574 1574 1574 1574 1574 1588 1440 1580 1886 1448 1574
1407 1580 1460 1460 955 1580 1580 1448 1580 1588 1448 1574 1772 1460 1091 80 80 80 1574 1574 1574 1574 80 80 80 80
80 80 80 80 1574 1574 80 1574 80 80 1574 1574 1574 1574 1574 1574 1574 1574 80 80 80 80 80 80 80 80 80 80 80 1574 80 80 80 1574 80 80 80 1574 80 80
80 80 1574 80 80 1574 1574 1574 1574 1574 1574 1574 1574 80 80 80 80 80 80 80 80 80 80 80 1574 80 80 1574 80 80 80 1574 80 80 1574 80 80
1574 80 80 1574 80 80 1574 1574 1574 1574 1574 1574 80 80 80 80 80 80 80 80 80 80 80 80 80 80 80 80 80 80 80 80 80 80 80 1574 1574 1574
80 80 80 80 80 80 80 80 80 1574 80 80 1574 80 1574 80 80 80 80 1574 80 80 80 80 80 80 80 1574 1574 1574 1574 1574 1574 1574 1574 80 80
80 80 1574 80 80 1574 80 80 80 80 80 80 1574 80 80 80 80 1574 1574 1574 80 80 80 80 80 1574 80 80 80 1574 1574 1574 1574 1574 80 1574
80 80 80 80 80 80 80 80 1574 1574 80 80 1574 80 80 80 1574 80 80 80 1574 80 80 80 1574 80 80 80 1574 80 1574 80 1574 1574 1574 1574 80 1574
80 80 80 80 80 1574 80 80 80 1574 80 80 1574 80 80 80 1574 80 80 80 1574 80 80 1574 80 80 1574 80 80 1574 80 1574 80 1574 1574 1574
80 80 496 1574 1574 1574 1460 1574 1574 1574 1460 1460 1574 1574 1574 1574 1588 1440 1580 1448 80 1580 1580 1580 1580 1448 1580 1580 1580 1588 1440
1580 1448 1580 1448 1448 1580 1580 1588 1448 1574 1460 1574 80 1574 1574 1574 1574 1574 1574 1415 1580 1580 1460 1580 1448 1460 1574 1460
1588 1440 1580 1717 1448 1247 1580 1580 1448 1580 1448 1440 1574 1588 1448 755 1580 2203 1448 645 1580 2095 1448 1580 1448
1448 1580 1440 1588 1448 757 1580 3028 3028 2352 1448 1448 1448 556 1580 2138 578 1580 2142 765 1580
1588 1440 1580 1448 80 1580 1580 1580 1580 1448 1580 1580 1580 1588 1440 1580 1448 80 1580 1580 1580 1580 1448 1448 1588 1440 1580 1448 80 1580 1580 1580 1580
1580 1580 1448 1574 1574 2392 1448 1448 607 1580 1580 1580 1588 1448 1574 1460 1574 80 1574 1574 1574 1574 1574 1588 1440 1580 1779 1574 1574
1574 1580 1448 1460 1242 1580 1580 2106 1448 1448 1580 1588 1440 1580 1882 1448 1574 1574 1588 1448 1574 1460 1574 80 1574 1574 1574 1574 1574
1574 955 1580 1580 1407 1448 1580 1580 1460 1460 1588 1448 1574 1772 1460 1091 80 80 80 1574 1574 1574 1574 80 80 80 80
80 80 80 80 80 1574 80 1574 80 1574 1574 1574 1574 1574 1574 1574 1574 1574 80 80 80 80 80 80 80 80 80 80 1574 80 80 80 80 80 80 1574 80 80
1574 80 80 80 80 1574 80 1574 1574 1574 1574 1574 1574 1574 1574 80 80 80 80 80 80 80 80 80 80 80 1574 80 80 80 80 1574 80 80 80 1574
80 80 1574 80 80 1574 80 80 1574 1574 1574 1574 1574 1574 1574 80 1574 80 80 80 80 80 80 80 80 1574 80 80 1574 1574 80 80 80 1574 80 80
80 1574 80 80 1574 80 80 80 80 1574 80 80 1574 1574 1574 1574 1574 80 1574 80 80 80 80 80 80 1574 80 80 1574 1574 80 80 1574 80 80
1574 80 80 80 80 1574 80 80 1574 1574 1574 80 80 80 80 80 80 1574 1574 1574 80 1574 80 80 80 80 80 80 80 80 1574 80 80 1574
80 80 1574 1574 1574 80 80 1574 80 80 1574 80 80 1574 80 80 1574 80 80 80 1574 80 1574 1574 80 80 80 80 80 1574 80 1360
1574 1574 1574 1574 1460 1574 1574 1574 1460 1460 1574 1574 1574 1574 1588 1440 1580 1448 80 1580 1580 1580 1580 1448 1580 1588 1440 1580 1448 1580 1448 1448
1588 1440 1580 1717 1448 1247 1580 1580 1448 1580 1448 1440 1574 1588 1448 755 1580 2203 1448 645 1580 2095 1448 1580 1448
1448 1580 1440 1588 1448 757 1580 3028 3028 2352 1448 1448 1448 556 1580 2138 578 1580 2142 1448 765
1580 1588 1440 1580 1448 80 1580 1580 1580 1580 1448 1580 1580 1580 1588 1440 1580 1448 80 1580 1580 1580 1580 1448 1448 1580 1580 1448 1574 1574 2392 1448
1588 1440 1580 1448 80 1580 1580 1580 1580 1448 607 1580 1588 1440 1580 1779 2106 1448 1448 1242 1580 1580 1580 1580 1448 1580 1588 1448
1574 1460 1574 80 1574 1574 1574 1574 1574 1574 1574 1574 1580 1460 1588 1440 1580 1896 1448 955 1580 1580 1448 1580 1574 1574 1588 1448
1574 1460 1574 80 1574 1574 1574 1574 1574 1574 1574 1574 1460 1460 1588 1448 1574 1772 1460 1091 80 80 80 1574 1574 1574 1574
80 80 80 80 80 80 80 80 80 80 1574 80 1574 1574 1574 1574 1574 1574 1574 1574 1574 1574 80 80 80 80 80 80 80 80 80 80 80 80 1574 80 1574
80 80 80 80 1574 80 80 80 1574 80 80 80 1574 1574 1574 1574 1574 1574 1574 1574 80 80 80 80 80 80 80 80 80 80 1574 80 80 80 1574 80 80
80 80 80 1574 80 1574 80 80 80 1574 1574 80 80 1574 1574 1574 1574 1574 1574 80 1574 80 80 80 80 80 80 80 80 80 80 1574 80 80 80 80 1574
80 80 80 80 80 80 1574 1574 80 80 80 80 1574 1574 1574 1574 1574 1574 1574 1574 80 1574 80 80 80 80 1574 1574 80 80 80 80 1574 1574 80 80 80 80 80 80
80 80 80 1574 80 80 80 1574 80 80 80 80 1574 1574 1574 1574 1574 1574 80 80 80 80 80 1574 1574 80 80 1574 80 80 80 80 80 80 80 80 1574 1574
80 80 1574 1574 1574 80 80 80 80 80 80 80 80 1574 1574 1574 1574 1574 80 80 80 80 1574 1574 80 80 1574 1360 1574 1574 1460 1574 1574 1574
1460 1574 1574 1460 1574 1574 1588 1440 1580 1448 80 1580 1580 1580 1580 1448 1580 1588 1440 1580 1448 1580 1448 1448 1588 1580 1448 1574 1460 80 1574
1448 1574 1588 1440 1580 1717 1448 1247 1580 1580 1448 1580 1440 1588 1448 755 1580 2203 1448 645 1580 2095 1448
1580 1448 1448 1580 1440 1588 1448 757 1580 3028 3028 2352 1448 1448 1448 557 1580 2138 1448 578 1580 2142
1448 765 1580 1588 1440 1580 1448 80 1580 1580 1580 1580 1448 1580 1580 1580 1588 1440 1580 1448 80 1580 1580 1580 1580 1448 1448 1588 1440 1580 1448
80 1580 1580 1580 1580 1580 1580 1448 1574 1574 2392 1448 1448 1588 607 1580 1580 1580 1588 1448 1574 1460 1574 80 1574 1574 1574
1574 1574 1440 1580 1779 1448 1243 1580 1580 1574 1574 1574 1580 1460 1448 1580 2106 1448 1574 1574 1588 1448 1574 1460 1574 80 1574
1574 1574 1574 1574 1574 1407 1580 1460 1460 1588 1440 1580 1876 1448 955 1580 1580 1448 1580 1588 1448 1574 1772 1460 1091
80 80 80 1574 1574 1574 1574 80 80 80 80 80 80 80 80 80 80 1574 80 1574 1574 1574 1574 1574 1574 1574 1574 1574 1574 80 80 80 80 80 80 80 80
80 80 1574 80 80 80 80 80 80 80 1574 80 80 80 80 1574 1574 1574 1574 1574 80 80 1574 1574 1574 1574 1574 80 80 80 80 80 80 80 80 80 80
80 1574 80 80 80 1574 80 80 1574 80 1574 80 80 80 1574 80 80 1574 80 80 1574 1574 1574 1574 1574 1574 80 1574 80 80 80 80 80 80 80 80 1574
80 80 1574 1574 80 80 80 1574 80 1574 80 80 80 80 1574 80 1574 80 80 80 80 80 1574 1574 1574 1574 1574 80 1574 80 80 80 80 80 80 80 80 1574
80 80 1574 1574 80 80 80 80 1574 1574 80 80 1574 1574 80 80 1574 80 80 80 80 80 80 1574 1574 1574 1574 80 80 80 80 80 80 80 1574 1574 80 80
80 1574 80 80 1574 80 1574 1574 80 80 80 80 80 80 80 80 1574 80 1574 80 80 80 1574 1574 1574 1574 1574 80 80 80 80 80 80 80 80 1574
80 80 1574 1574 1574 80 80 1574 80 1574 80 80 80 80 80 1574 80 80 1574 80 80 80 80 1574 1574 1574 1574 80 1574 80 80 80 80 80 80 80 80
1574 80 80 1574 1574 1574 1574 80 80 80 80 80 80 80 80 80 80 1574 1574 80 80 496 1574 1574 1574 1574 1574 1574 1460 1574 1574 1574 1460 1460
1574 1574 1574 1574 1588 1440 1580 1448 80 1580 1580 1580 1580 1448 1580 1580 1580 1588 1440 1580 1448 1580 1448 1448 1580 1580 1588 1448 1574 1460 1574
80 1574 1574 1574 1574 1574 1574 1415 1580 1580 1460 1580 1448 1460 1574 1460 1574 1574 1460 1460 1574 1460 1574 1574 1460 1460 1574 1574
1588 1440 1580 1814 1448 1242 1580 1580 1448 1580 1448 1574 1588 1440 1580 1717 1448 1247 1580 1588 1440 1580 1886 1448 1580 955 1580 1580 1448 1580 1448
1580 1588 1440 1580 1448 80 1580 1580 1580 1580 1448 1588 1440 1580 1448 1580 1580 1448 1580 1448 1580 1588 1440 1580 1448 1580 1448 1448 1580 1448 1574 1574 1588 1440
1580 1448 1580 1448 1448 1580 1588 1440 1580 1448 1580 1448 1448 1580 1448 1574 1574 1588 1440 1580 1717 1448 1247 1580 1580 1448 1580 1440 1588 1448 755
1580 2203 1448 645 1580 2095 1448 757 1580 3028 3028 2352 1448 1448 1448 556 1580 2138 1448 578
1580 2142 1448 765 1580 1588 1440 1580 1448 80 1580 1580 1580 1580 1448 1580 1580 1580 1588 1440 1580 1448 80 1580 1580 1580 1580 1448 1448
1588 1440 1580 1448 80 1580 1580 1580 1580 1580 1580 1448 1574 1574 2392 1448 1448 1588 1440 1580 1779 1448 1242 1580 1580 1448 1580 1580 1580 1588
1448 1574 607 1580 1460 1574 80 1574 1574 1574 1574 1574 1574 1574 1574 1580 1460 2106 1448 1588 1440 1580 1884 1448 955 1574 1574
1580 1580 1588 1448 1580 1448 1574 1460 80 1574 1574 1574 1574 1574 1574 1574 1407 1580 1460 1460 1588 1448 1574 1772 1460 1091
80 80 80 1574 1574 1574 1574 80 80 80 80 80 80 80 80 80 80 1574 1574 80 1574 1574 1574 1574 1574 1574 1574 1574 1574 80 80 80 80 80 80 80 80 80 80
80 80 1574 80 80 1574 80 80 80 1574 80 80 80 80 1574 80 80 1574 1574 80 80 80 80 80 80 80 80 80 1574 80 80 1574 80 1574 1574 1574
1574 80 1574 80 80 80 80 80 80 80 80 80 80 80 1574 80 80 80 1574 80 80 80 1574 80 80 80 80 1574 80 80 80 1574 1574 1574 1574 1574 1574 1574
1574 80 1574 80 80 80 80 80 80 80 80 80 80 1574 80 80 1574 80 80 80 80 1574 80 1574 80 80 80 1574 80 80 80 1574 80 1574 1574 1574
1574 1574 1574 80 1574 80 80 80 80 80 1574 80 80 80 80 80 1574 80 80 1574 1574 80 80 1574 80 80 80 80 1574 1574 80 80 1574 80 80 80 1574
80 1574 1574 1574 80 80 80 80 80 80 80 1574 80 1574 80 80 80 1574 80 80 1574 1574 80 80 80 1574 80 80 1360 1574 1574 1574 1574 1574 1460 1574 1574
1574 1460 1574 1460 1574 1574 1574 1588 1440 1580 1448 80 1580 1580 1580 1580 1448 1580 1588 1440 1580 1448 1580 1448 1448 1588 1580 1448 1574
1588 1440 1580 1814 1448 1242 1580 1580 1448 1580 1588 1440 1580 1717 1448 1247 1580 1588 1440 1580 1884 1448 955 1580 1580 1448 1580 1580 1448
1580 1588 1440 1580 1448 80 1580 1580 1580 1580 1448 1580 1580 1588 1440 1580 1448 1580 1448 1448 1580 1588 1440 1580 1448 1580 1448 1448 1580 1448 1574 1574 1588 1440 1580 1448
1580 1448 1448 1580 1588 1440 1580 1448 1580 1448 1448 1580 1448 1574 1574 1588 1440 1580 1717 1448 1247 1580 1580 1448 1580 1448 1440 1574 1588 1448 755
1580 2203 1448 645 1580 2095 1448 757 1580 3028 3028 2352 1448 1448 1448 557 1580 2138 578 1580
2142 765 1580 1588 1440 1580 1448 80 1580 1580 1580 1580 1448 1580 1580 1580 1588 1440 1580 1448 80 1580 1580 1580 1580 1448 1448 1588 1440 1580 1448
80 1580 1580 1580 1580 1580 1580 1448 1574 1574 2392 1448 1448 1588 1440 1580 1779 1448 1242 1580 1580 1448 1580 607 1580 1580 1580 1588
1448 1574 1460 80 1574 1574 1574 1574 1574 1574 2106 1448 1574 1574 1574 1580 1460 1588 1440 1580 1888 1448 955 1580 1580 1448 1580
1574 1574 1588 1448 1574 1460 1574 80 1574 1574 1574 1574 1574 1574 1407 1580 1460 1460 1588 1448 1574 1772 1460 1091
80 80 80 1574 1574 1574 1574 80 80 80 80 80 80 80 80 80 80 80 1574 1574 1574 1574 1574 1574 1574 1574 1574 1574 1574 80 80 80 80 80 80 80 80 80 1574
80 80 1574 80 80 80 1574 80 80 80 80 80 1574 80 80 80 80 1574 1574 1574 1574 1574 1574 1574 1574 80 80 80 80 80 80 80 80 80 80 80 80 1574
80 80 1574 80 80 80 1574 80 80 80 1574 80 80 1574 80 80 1574 1574 1574 1574 1574 1574 1574 80 80 80 80 80 80 80 80 80 1574 80 1574 80 1574
80 80 1574 80 80 1574 80 80 80 80 1574 80 1574 80 1574 80 80 1574 80 80 1574 1574 1574 1574 80 80 80 80 80 80 1574 80 80 1574
80 1574 80 1574 80 80 1574 1574 80 80 80 80 80 80 80 80 1574 80 1574 80 1574 80 1574 80 1574 1574 80 1574 80 80 80 80 80 80 1574 80 80
80 1574 80 1574 1574 1574 80 80 80 80 80 80 1574 1574 80 80 80 80 1574 80 80 80 80 1574 1574 1574 1574 80 1574 80 80 80 80 80 80 1360 1574 1574
1574 1574 1574 1460 1574 1574 1574 1460 1460 1574 1574 1574 1574 1588 1440 1580 1448 80 1580 1580 1580 1580 1448 1580 1588 1440 1580 1448 1580 1448 1448
1588 1580 1448 1574 1460 80 1574 1574 1574 1574 1574 1574 1574 1574 1460 1580 1448 1460 1574 1460 1574 1460 1574 1460 1574 1460

